<div>                        <script type="text/javascript">window.PlotlyConfig = {MathJaxConfig: 'local'};</script>
        <script charset="utf-8" src="https://cdn.plot.ly/plotly-2.35.2.min.js"></script>                <div id="1170ea5d-4a42-431a-8c63-308898efeb6d" class="plotly-graph-div" style="height:700px; width:600px;"></div>            <script type="text/javascript">                                    window.PLOTLYENV=window.PLOTLYENV || {};                                    if (document.getElementById("1170ea5d-4a42-431a-8c63-308898efeb6d")) {                    Plotly.newPlot(                        "1170ea5d-4a42-431a-8c63-308898efeb6d",                        [{"marker":{"cmax":1,"cmin":0,"color":[0.002266989,0.0041970843,0.0050803632,0.0028141732,0.005254033,0.99834776,0.9971381,0.9976631,0.9958391,0.99752843,0.9907565,0.9934428,0.99552554,0.9906031,0.989414,0.99274665,0.9902922,0.9880438,0.9887149,0.98686415]},"width":0.9,"x":[0,1,2,3,4,5,6,7,8,9,10,11,12,13,14,15,16,17,18,19],"y":[1.0000654,1.0000433,1.0000294,0.99982417,1.0002992,0.005187346,0.0031153224,0.0036428152,0.0022562824,0.0037954384,0.0010662159,0.0014790931,0.0020155103,0.001014778,0.00091622554,0.0013369118,0.001031112,0.0008313136,0.0008604418,0.0007525714],"type":"bar","xaxis":"x","yaxis":"y"},{"colormodel":"rgba256","customdata":[[1.000131,0.000078492914,0.000088754896,-0.00008721596,0.00014916777,0.00021643068,0.0011479139,-0.0014105858,-0.0001830627,-0.0010169065,0.000043489585,0.0003623423,0.00041406482,0.00055859325,-0.000085854954,0.00019567038,0.00007327,-0.00003290327,-0.00005158486,-0.00005270523],[0.000078492914,1.0000865,0.00008449101,0.000039165137,0.00038010694,-0.0018825519,0.00069962256,-0.0014564154,0.0012108579,-0.002756616,0.00033442077,0.00088058756,0.0010533836,0.00019822107,0.00031478493,0.00018931273,-0.0002328359,0.00005630214,0.0000834751,-0.000053593725],[0.000088754896,0.00008449101,1.0000589,-0.00006616996,0.00023736358,-0.0038912173,-0.0005391183,-0.0020543132,-0.0009196156,-0.0016031048,-0.0007861184,0.00070672785,0.0007919912,0.0005805778,0.00013991853,0.0007090453,-0.000093887254,0.000027483637,0.00021495548,0.000092046605],[-0.00008721596,0.000039165137,-0.00006616996,0.9996484,0.0001809007,0.0010395212,0.00085952255,0.00042377142,0.00033833605,-0.0016395291,-0.0004679048,-0.000780825,-0.00009041946,0.0000682898,-0.0004437446,-0.000767674,-0.00075311813,-0.00066533295,-0.00039132618,-0.0005277553],[0.00014916777,0.00038010694,0.00023736358,0.0001809007,1.0005985,-0.0026663719,0.0026220288,-0.0021839277,0.0016227934,-0.0007200839,-0.0004315839,0.00041527554,0.0014660695,0.000580886,0.000718923,0.0007884706,0.0006537403,0.0004932505,0.00072915584,0.0005231426],[0.00021643068,-0.0018825519,-0.0038912173,0.0010395212,-0.0026663719,0.000026908558,-0.000005058605,0.000016682008,-0.00000271025,0.000011413139,0.0000031012362,-0.0000062452323,-0.000008971203,-0.000003986052,-0.0000035314465,-0.000005970391,-0.0000017053903,-0.000002225764,-0.0000033535111,-0.0000022110066],[0.0011479139,0.00069962256,-0.0005391183,0.00085952255,0.0026220288,-0.000005058605,0.000009705234,-0.000006884608,0.000005674611,-0.000005522536,-8.250128e-7,0.0000010663348,0.000004546756,0.0000020466116,0.0000015480574,0.0000013800621,0.0000010376983,7.0727145e-7,0.0000014571651,7.694867e-7],[-0.0014105858,-0.0014564154,-0.0020543132,0.00042377142,-0.0021839277,0.000016682008,-0.000006884608,0.0000132701025,-0.0000030121694,0.000009612275,0.0000018092912,-0.000004480488,-0.0000069793764,-0.0000035062897,-0.0000023808389,-0.0000040528716,-0.0000013171907,-0.000001450157,-0.0000022467223,-0.0000014017546],[-0.0001830627,0.0012108579,-0.0009196156,0.00033833605,0.0016227934,-0.00000271025,0.000005674611,-0.0000030121694,0.00000509081,-0.0000033967365,2.619849e-7,7.5854047e-7,0.0000028170339,5.6840116e-7,0.0000012837307,5.5996094e-7,5.9665666e-7,6.2380417e-7,9.627933e-7,5.300147e-7],[-0.0010169065,-0.002756616,-0.0016031048,-0.0016395291,-0.0007200839,0.000011413139,-0.000005522536,0.000009612275,-0.0000033967365,0.000014405354,0.0000013712176,-0.0000029451417,-0.0000054971015,-0.0000025734405,-7.9271996e-7,-0.0000011638493,0.0000014835664,5.713831e-7,-4.0367493e-7,5.4380257e-7],[0.000043489585,0.00033442077,-0.0007861184,-0.0004679048,-0.0004315839,0.0000031012362,-8.250128e-7,0.0000018092912,2.619849e-7,0.0000013712176,0.0000011368164,-5.864852e-8,-8.418279e-7,-6.481283e-7,-1.10676226e-7,-4.661276e-7,6.9687786e-8,9.4531806e-8,-2.7451694e-7,-7.113708e-8],[0.0003623423,0.00088058756,0.00070672785,-0.000780825,0.00041527554,-0.0000062452323,0.0000010663348,-0.000004480488,7.5854047e-7,-0.0000029451417,-5.864852e-8,0.000002187716,0.0000023151606,9.743592e-7,9.895612e-7,0.0000016649445,6.145695e-7,7.812856e-7,8.146523e-7,6.279124e-7],[0.00041406482,0.0010533836,0.0007919912,-0.00009041946,0.0014660695,-0.000008971203,0.000004546756,-0.0000069793764,0.0000028170339,-0.0000054971015,-8.418279e-7,0.0000023151606,0.0000040622817,0.0000017437646,0.000001499723,0.0000020657646,7.3663205e-7,8.501283e-7,0.0000013400353,8.086608e-7],[0.00055859325,0.00019822107,0.0005805778,0.0000682898,0.000580886,-0.000003986052,0.0000020466116,-0.0000035062897,5.6840116e-7,-0.0000025734405,-6.481283e-7,9.743592e-7,0.0000017437646,0.0000010297745,4.823922e-7,9.632812e-7,2.6824034e-7,2.4948358e-7,5.0881846e-7,2.8088758e-7],[-0.000085854954,0.00031478493,0.00013991853,-0.0004437446,0.000718923,-0.0000035314465,0.0000015480574,-0.0000023808389,0.0000012837307,-7.9271996e-7,-1.10676226e-7,9.895612e-7,0.000001499723,4.823922e-7,8.3946935e-7,0.0000010490955,7.114398e-7,6.7417955e-7,7.583327e-7,6.1072535e-7],[0.00019567038,0.00018931273,0.0007090453,-0.000767674,0.0007884706,-0.000005970391,0.0000013800621,-0.0000040528716,5.5996094e-7,-0.0000011638493,-4.661276e-7,0.0000016649445,0.0000020657646,9.632812e-7,0.0000010490955,0.000001787333,9.972589e-7,9.233006e-7,0.0000010330693,8.623117e-7],[0.00007327,-0.0002328359,-0.000093887254,-0.00075311813,0.0006537403,-0.0000017053903,0.0000010376983,-0.0000013171907,5.9665666e-7,0.0000014835664,6.9687786e-8,6.145695e-7,7.3663205e-7,2.6824034e-7,7.114398e-7,9.972589e-7,0.000001063192,8.055927e-7,7.279807e-7,7.395537e-7],[-0.00003290327,0.00005630214,0.000027483637,-0.00066533295,0.0004932505,-0.000002225764,7.0727145e-7,-0.000001450157,6.2380417e-7,5.713831e-7,9.4531806e-8,7.812856e-7,8.501283e-7,2.4948358e-7,6.7417955e-7,9.233006e-7,8.055927e-7,6.910823e-7,6.32265e-7,6.104896e-7],[-0.00005158486,0.0000834751,0.00021495548,-0.00039132618,0.00072915584,-0.0000033535111,0.0000014571651,-0.0000022467223,9.627933e-7,-4.0367493e-7,-2.7451694e-7,8.146523e-7,0.0000013400353,5.0881846e-7,7.583327e-7,0.0000010330693,7.279807e-7,6.32265e-7,7.403601e-7,6.0592043e-7],[-0.00005270523,-0.000053593725,0.000092046605,-0.0005277553,0.0005231426,-0.0000022110066,7.694867e-7,-0.0000014017546,5.300147e-7,5.4380257e-7,-7.113708e-8,6.279124e-7,8.086608e-7,2.8088758e-7,6.1072535e-7,8.623117e-7,7.395537e-7,6.104896e-7,6.0592043e-7,5.663637e-7]],"hovertemplate":"In: %{x}\u003cbr\u003e\nOut: %{y}\u003cbr\u003e\nWeight: %{customdata:0.2f}\n","z":[[[179,3,38,255],[221,220,219,255],[221,220,219,255],[220,220,221,255],[221,220,219,255],[221,220,219,255],[221,220,219,255],[220,220,221,255],[220,220,221,255],[220,220,221,255],[221,220,219,255],[221,220,219,255],[221,220,219,255],[221,220,219,255],[220,220,221,255],[221,220,219,255],[221,220,219,255],[220,220,221,255],[220,220,221,255],[220,220,221,255]],[[221,220,219,255],[179,3,38,255],[221,220,219,255],[221,220,219,255],[221,220,219,255],[220,220,221,255],[221,220,219,255],[220,220,221,255],[221,220,219,255],[220,220,221,255],[221,220,219,255],[221,220,219,255],[221,220,219,255],[221,220,219,255],[221,220,219,255],[221,220,219,255],[220,220,221,255],[221,220,219,255],[221,220,219,255],[220,220,221,255]],[[221,220,219,255],[221,220,219,255],[179,3,38,255],[220,220,221,255],[221,220,219,255],[220,220,221,255],[220,220,221,255],[220,220,221,255],[220,220,221,255],[220,220,221,255],[220,220,221,255],[221,220,219,255],[221,220,219,255],[221,220,219,255],[221,220,219,255],[221,220,219,255],[220,220,221,255],[221,220,219,255],[221,220,219,255],[221,220,219,255]],[[220,220,221,255],[221,220,219,255],[220,220,221,255],[179,3,38,255],[221,220,219,255],[221,220,219,255],[221,220,219,255],[221,220,219,255],[221,220,219,255],[220,220,221,255],[220,220,221,255],[220,220,221,255],[220,220,221,255],[221,220,219,255],[220,220,221,255],[220,220,221,255],[220,220,221,255],[220,220,221,255],[220,220,221,255],[220,220,221,255]],[[221,220,219,255],[221,220,219,255],[221,220,219,255],[221,220,219,255],[179,3,38,255],[220,220,221,255],[221,220,219,255],[220,220,221,255],[221,220,219,255],[220,220,221,255],[220,220,221,255],[221,220,219,255],[221,220,219,255],[221,220,219,255],[221,220,219,255],[221,220,219,255],[221,220,219,255],[221,220,219,255],[221,220,219,255],[221,220,219,255]],[[221,220,219,255],[220,220,221,255],[220,220,221,255],[221,220,219,255],[220,220,221,255],[221,220,219,255],[220,220,221,255],[221,220,219,255],[220,220,221,255],[221,220,219,255],[221,220,219,255],[220,220,221,255],[220,220,221,255],[220,220,221,255],[220,220,221,255],[220,220,221,255],[220,220,221,255],[220,220,221,255],[220,220,221,255],[220,220,221,255]],[[221,220,219,255],[221,220,219,255],[220,220,221,255],[221,220,219,255],[221,220,219,255],[220,220,221,255],[221,220,219,255],[220,220,221,255],[221,220,219,255],[220,220,221,255],[220,220,221,255],[221,220,219,255],[221,220,219,255],[221,220,219,255],[221,220,219,255],[221,220,219,255],[221,220,219,255],[221,220,219,255],[221,220,219,255],[221,220,219,255]],[[220,220,221,255],[220,220,221,255],[220,220,221,255],[221,220,219,255],[220,220,221,255],[221,220,219,255],[220,220,221,255],[221,220,219,255],[220,220,221,255],[221,220,219,255],[221,220,219,255],[220,220,221,255],[220,220,221,255],[220,220,221,255],[220,220,221,255],[220,220,221,255],[220,220,221,255],[220,220,221,255],[220,220,221,255],[220,220,221,255]],[[220,220,221,255],[221,220,219,255],[220,220,221,255],[221,220,219,255],[221,220,219,255],[220,220,221,255],[221,220,219,255],[220,220,221,255],[221,220,219,255],[220,220,221,255],[221,220,219,255],[221,220,219,255],[221,220,219,255],[221,220,219,255],[221,220,219,255],[221,220,219,255],[221,220,219,255],[221,220,219,255],[221,220,219,255],[221,220,219,255]],[[220,220,221,255],[220,220,221,255],[220,220,221,255],[220,220,221,255],[220,220,221,255],[221,220,219,255],[220,220,221,255],[221,220,219,255],[220,220,221,255],[221,220,219,255],[221,220,219,255],[220,220,221,255],[220,220,221,255],[220,220,221,255],[220,220,221,255],[220,220,221,255],[221,220,219,255],[221,220,219,255],[220,220,221,255],[221,220,219,255]],[[221,220,219,255],[221,220,219,255],[220,220,221,255],[220,220,221,255],[220,220,221,255],[221,220,219,255],[220,220,221,255],[221,220,219,255],[221,220,219,255],[221,220,219,255],[221,220,219,255],[220,220,221,255],[220,220,221,255],[220,220,221,255],[220,220,221,255],[220,220,221,255],[221,220,219,255],[221,220,219,255],[220,220,221,255],[220,220,221,255]],[[221,220,219,255],[221,220,219,255],[221,220,219,255],[220,220,221,255],[221,220,219,255],[220,220,221,255],[221,220,219,255],[220,220,221,255],[221,220,219,255],[220,220,221,255],[220,220,221,255],[221,220,219,255],[221,220,219,255],[221,220,219,255],[221,220,219,255],[221,220,219,255],[221,220,219,255],[221,220,219,255],[221,220,219,255],[221,220,219,255]],[[221,220,219,255],[221,220,219,255],[221,220,219,255],[220,220,221,255],[221,220,219,255],[220,220,221,255],[221,220,219,255],[220,220,221,255],[221,220,219,255],[220,220,221,255],[220,220,221,255],[221,220,219,255],[221,220,219,255],[221,220,219,255],[221,220,219,255],[221,220,219,255],[221,220,219,255],[221,220,219,255],[221,220,219,255],[221,220,219,255]],[[221,220,219,255],[221,220,219,255],[221,220,219,255],[221,220,219,255],[221,220,219,255],[220,220,221,255],[221,220,219,255],[220,220,221,255],[221,220,219,255],[220,220,221,255],[220,220,221,255],[221,220,219,255],[221,220,219,255],[221,220,219,255],[221,220,219,255],[221,220,219,255],[221,220,219,255],[221,220,219,255],[221,220,219,255],[221,220,219,255]],[[220,220,221,255],[221,220,219,255],[221,220,219,255],[220,220,221,255],[221,220,219,255],[220,220,221,255],[221,220,219,255],[220,220,221,255],[221,220,219,255],[220,220,221,255],[220,220,221,255],[221,220,219,255],[221,220,219,255],[221,220,219,255],[221,220,219,255],[221,220,219,255],[221,220,219,255],[221,220,219,255],[221,220,219,255],[221,220,219,255]],[[221,220,219,255],[221,220,219,255],[221,220,219,255],[220,220,221,255],[221,220,219,255],[220,220,221,255],[221,220,219,255],[220,220,221,255],[221,220,219,255],[220,220,221,255],[220,220,221,255],[221,220,219,255],[221,220,219,255],[221,220,219,255],[221,220,219,255],[221,220,219,255],[221,220,219,255],[221,220,219,255],[221,220,219,255],[221,220,219,255]],[[221,220,219,255],[220,220,221,255],[220,220,221,255],[220,220,221,255],[221,220,219,255],[220,220,221,255],[221,220,219,255],[220,220,221,255],[221,220,219,255],[221,220,219,255],[221,220,219,255],[221,220,219,255],[221,220,219,255],[221,220,219,255],[221,220,219,255],[221,220,219,255],[221,220,219,255],[221,220,219,255],[221,220,219,255],[221,220,219,255]],[[220,220,221,255],[221,220,219,255],[221,220,219,255],[220,220,221,255],[221,220,219,255],[220,220,221,255],[221,220,219,255],[220,220,221,255],[221,220,219,255],[221,220,219,255],[221,220,219,255],[221,220,219,255],[221,220,219,255],[221,220,219,255],[221,220,219,255],[221,220,219,255],[221,220,219,255],[221,220,219,255],[221,220,219,255],[221,220,219,255]],[[220,220,221,255],[221,220,219,255],[221,220,219,255],[220,220,221,255],[221,220,219,255],[220,220,221,255],[221,220,219,255],[220,220,221,255],[221,220,219,255],[220,220,221,255],[220,220,221,255],[221,220,219,255],[221,220,219,255],[221,220,219,255],[221,220,219,255],[221,220,219,255],[221,220,219,255],[221,220,219,255],[221,220,219,255],[221,220,219,255]],[[220,220,221,255],[220,220,221,255],[221,220,219,255],[220,220,221,255],[221,220,219,255],[220,220,221,255],[221,220,219,255],[220,220,221,255],[221,220,219,255],[221,220,219,255],[220,220,221,255],[221,220,219,255],[221,220,219,255],[221,220,219,255],[221,220,219,255],[221,220,219,255],[221,220,219,255],[221,220,219,255],[221,220,219,255],[221,220,219,255]]],"type":"image","xaxis":"x2","yaxis":"y2"},{"marker":{"cmax":1,"cmin":0,"color":[0.004735069,0.0047607883,0.9849437,1.0263685,0.9567987,0.96654767,1.0327888,1.0297849,1.2886182,1.1624417,1.3984201,1.3808385,1.1565635,1.4088101,1.3860581,1.4087943,1.401326,1.4103434,1.3033193,1.2612929]},"width":0.9,"x":[0,1,2,3,4,5,6,7,8,9,10,11,12,13,14,15,16,17,18,19],"y":[1.0004514,1.0007063,1.0263246,0.98489505,1.0327677,1.0297694,0.9568294,0.96652275,0.002963024,0.0017875859,0.005277516,0.0017711109,0.0009897662,0.0061427206,0.002401209,0.0050865947,0.003277082,0.004826698,0.0020967636,0.0012388066],"type":"bar","xaxis":"x3","yaxis":"y3"},{"colormodel":"rgba256","customdata":[[1.000903,0.00018080391,0.00027362717,0.0002482498,0.00033355702,-0.0041046613,0.00019161643,0.0013135826,0.00064530555,-0.000998034,-0.0007796057,-0.0003313937,-0.0004203158,0.00015706076,0.000527305,-0.00008887521,-0.000075307136,0.0000963963,0.00085752783,0.00042759193],[0.00018080391,1.0014131,0.0017693365,0.0001684819,-0.0005344684,-0.0017421149,0.0014040723,0.0028315512,0.0015493806,-0.0010160051,-0.0005165849,0.00029078315,-0.0006631547,-0.00024928158,0.00023194871,-0.00074474106,-0.00065641955,0.0001227699,0.0006826405,0.0006240837],[0.00027362717,0.0017693365,1.0533423,-1.01082,-0.0016991885,-0.0016296506,-0.0077059246,0.00007374601,0.00061826874,-0.0005619956,-0.002122293,0.000113402006,0.00003861499,0.0033155708,0.0013105306,0.0046470044,0.0028100573,-0.0030373489,0.00031104198,0.00007159199],[0.0002482498,0.0001684819,-1.01082,0.97001827,0.0015732792,0.0012888754,0.0074505233,0.0001881596,-0.0005907246,0.0005369281,0.0020363776,-0.00010816969,-0.0000383993,-0.0031828594,-0.0012565918,-0.004460319,-0.002698167,0.0029141644,-0.00029669274,-0.00006739426],[0.00033355702,-0.0005344684,-0.0016991885,0.0015732792,1.0666089,-0.0001791665,-0.9881345,0.0025534313,0.00021528732,-0.0009559799,0.0014765371,0.0011412123,0.00036974112,-0.0038943398,-0.0017731182,-0.0012910485,0.0015424166,0.002759962,-0.0018199686,-0.0008927037],[-0.0041046613,-0.0017421149,-0.0016296506,0.0012888754,-0.0001791665,1.0604252,-0.002336018,-0.99528754,0.0024224727,0.00012599913,-0.0046748957,-0.0013455194,-0.00049590896,0.0037119342,-0.0009616896,-0.001862644,0.0007659392,0.0028041734,0.00004259644,0.00047110577],[0.00019161643,0.0014040723,-0.0077059246,0.0074505233,-0.9881345,-0.002336018,0.91552246,-0.0000046053765,-0.00020889958,0.00088888867,-0.0013389959,-0.0010549724,-0.00034252493,0.0035696975,0.001633887,0.0011587992,-0.0014561842,-0.0025366484,0.0016842992,0.00082607346],[0.0013135826,0.0028315512,0.00007374601,0.0001881596,0.0025534313,-0.99528754,-0.0000046053765,0.9341663,-0.0022738448,-0.000118308155,0.004395368,0.0012664667,0.00046649674,-0.003497939,0.0008957941,0.0017382813,-0.0007199233,-0.0026216877,-0.000045835473,-0.00044460333],[0.00064530555,0.0015493806,0.00061826874,-0.0005907246,0.00021528732,0.0024224727,-0.00020889958,-0.0022738448,0.000008779511,-0.0000024639226,-0.000012965151,-0.0000025485006,-0.000002340515,0.000009374564,-0.000001089082,-0.0000030091549,0.000002654311,0.000005452303,0.0000015283499,0.0000021861565],[-0.000998034,-0.0010160051,-0.0005619956,0.0005369281,-0.0009559799,0.00012599913,0.00088888867,-0.000118308155,-0.0000024639226,0.0000031954635,5.8103313e-7,-0.0000012002762,6.8286437e-7,0.0000022409406,2.4338005e-8,-6.834149e-7,-0.000002054872,-7.635695e-7,-7.403628e-8,-2.427562e-7],[-0.0007796057,-0.0005165849,-0.002122293,0.0020363776,0.0014765371,-0.0046748957,-0.0013389959,0.004395368,-0.000012965151,5.8103313e-7,0.000027852173,0.0000074004133,0.0000033011872,-0.000028452665,-0.0000013870507,-0.0000024797962,-0.000006523686,-0.0000025816976,-0.0000043657296,-0.000004121502],[-0.0003313937,0.00029078315,0.000113402006,-0.00010816969,0.0011412123,-0.0013455194,-0.0010549724,0.0012664667,-0.0000025485006,-0.0000012002762,0.0000074004133,0.000003136834,9.794303e-7,-0.0000086492,-6.4716363e-7,0.0000012950305,8.150433e-7,-9.279511e-7,-0.0000020601692,-0.0000015095276],[-0.0004203158,-0.0006631547,0.00003861499,-0.0000383993,0.00036974112,-0.00049590896,-0.00034252493,0.00046649674,-0.000002340515,6.8286437e-7,0.0000033011872,9.794303e-7,9.796372e-7,-0.000002870667,-4.887992e-7,0.0000011350561,7.470051e-7,-5.991358e-7,-0.0000014530453,-0.0000011221596],[0.00015706076,-0.00024928158,0.0033155708,-0.0031828594,-0.0038943398,0.0037119342,0.0035696975,-0.003497939,0.000009374564,0.0000022409406,-0.000028452665,-0.0000086492,-0.000002870667,0.000037733018,0.000007251132,0.000012976468,0.000006057634,-0.000009808205,0.000007739734,0.0000050482254],[0.000527305,0.00023194871,0.0013105306,-0.0012565918,-0.0017731182,-0.0009616896,0.001633887,0.0008957941,-0.000001089082,2.4338005e-8,-0.0000013870507,-6.4716363e-7,-4.887992e-7,0.000007251132,0.0000057658044,0.000009370475,4.202776e-8,-0.000010801746,0.000003972989,0.0000015111854],[-0.00008887521,-0.00074474106,0.0046470044,-0.004460319,-0.0012910485,-0.001862644,0.0011587992,0.0017382813,-0.0000030091549,-6.834149e-7,-0.0000024797962,0.0000012950305,0.0000011350561,0.000012976468,0.000009370475,0.000025873445,0.000009691882,-0.000021726388,0.0000028895097,5.2686264e-8],[-0.000075307136,-0.00065641955,0.0028100573,-0.002698167,0.0015424166,0.0007659392,-0.0014561842,-0.0007199233,0.000002654311,-0.000002054872,-0.000006523686,8.150433e-7,7.470051e-7,0.000006057634,4.202776e-8,0.000009691882,0.000010739265,-0.0000021684853,-0.0000022893512,-0.000001203685],[0.0000963963,0.0001227699,-0.0030373489,0.0029141644,0.002759962,0.0028041734,-0.0025366484,-0.0026216877,0.000005452303,-7.635695e-7,-0.0000025816976,-9.279511e-7,-5.991358e-7,-0.000009808205,-0.000010801746,-0.000021726388,-0.0000021684853,0.000023297012,-0.0000053007893,-0.0000011387906],[0.00085752783,0.0006826405,0.00031104198,-0.00029669274,-0.0018199686,0.00004259644,0.0016842992,-0.000045835473,0.0000015283499,-7.403628e-8,-0.0000043657296,-0.0000020601692,-0.0000014530453,0.000007739734,0.000003972989,0.0000028895097,-0.0000022893512,-0.0000053007893,0.000004396418,0.000002355748],[0.00042759193,0.0006240837,0.00007159199,-0.00006739426,-0.0008927037,0.00047110577,0.00082607346,-0.00044460333,0.0000021861565,-2.427562e-7,-0.000004121502,-0.0000015095276,-0.0000011221596,0.0000050482254,0.0000015111854,5.2686264e-8,-0.000001203685,-0.0000011387906,0.000002355748,0.0000015346419]],"hovertemplate":"In: %{x}\u003cbr\u003e\nOut: %{y}\u003cbr\u003e\nWeight: %{customdata:0.2f}\n","z":[[[179,3,38,255],[221,220,219,255],[221,220,219,255],[221,220,219,255],[221,220,219,255],[220,220,221,255],[221,220,219,255],[221,220,219,255],[221,220,219,255],[220,220,221,255],[220,220,221,255],[220,220,221,255],[220,220,221,255],[221,220,219,255],[221,220,219,255],[220,220,221,255],[220,220,221,255],[221,220,219,255],[221,220,219,255],[221,220,219,255]],[[221,220,219,255],[179,3,38,255],[221,220,219,255],[221,220,219,255],[220,220,221,255],[220,220,221,255],[221,220,219,255],[221,220,219,255],[221,220,219,255],[220,220,221,255],[220,220,221,255],[221,220,219,255],[220,220,221,255],[220,220,221,255],[221,220,219,255],[220,220,221,255],[220,220,221,255],[221,220,219,255],[221,220,219,255],[221,220,219,255]],[[221,220,219,255],[221,220,219,255],[179,3,38,255],[58,76,192,255],[220,220,221,255],[220,220,221,255],[220,220,221,255],[221,220,219,255],[221,220,219,255],[220,220,221,255],[220,220,221,255],[221,220,219,255],[221,220,219,255],[221,220,219,255],[221,220,219,255],[221,220,219,255],[221,220,219,255],[220,220,221,255],[221,220,219,255],[221,220,219,255]],[[221,220,219,255],[221,220,219,255],[58,76,192,255],[184,17,41,255],[221,220,219,255],[221,220,219,255],[221,220,219,255],[221,220,219,255],[220,220,221,255],[221,220,219,255],[221,220,219,255],[220,220,221,255],[220,220,221,255],[220,220,221,255],[220,220,221,255],[220,220,221,255],[220,220,221,255],[221,220,219,255],[220,220,221,255],[220,220,221,255]],[[221,220,219,255],[220,220,221,255],[220,220,221,255],[221,220,219,255],[179,3,38,255],[220,220,221,255],[59,77,193,255],[221,220,219,255],[221,220,219,255],[220,220,221,255],[221,220,219,255],[221,220,219,255],[221,220,219,255],[220,220,221,255],[220,220,221,255],[220,220,221,255],[221,220,219,255],[221,220,219,255],[220,220,221,255],[220,220,221,255]],[[220,220,221,255],[220,220,221,255],[220,220,221,255],[221,220,219,255],[220,220,221,255],[179,3,38,255],[220,220,221,255],[58,76,192,255],[221,220,219,255],[221,220,219,255],[220,220,221,255],[220,220,221,255],[220,220,221,255],[221,220,219,255],[220,220,221,255],[220,220,221,255],[221,220,219,255],[221,220,219,255],[221,220,219,255],[221,220,219,255]],[[221,220,219,255],[221,220,219,255],[220,220,221,255],[221,220,219,255],[59,77,193,255],[220,220,221,255],[194,45,49,255],[220,220,221,255],[220,220,221,255],[221,220,219,255],[220,220,221,255],[220,220,221,255],[220,220,221,255],[221,220,219,255],[221,220,219,255],[221,220,219,255],[220,220,221,255],[220,220,221,255],[221,220,219,255],[221,220,219,255]],[[221,220,219,255],[221,220,219,255],[221,220,219,255],[221,220,219,255],[221,220,219,255],[58,76,192,255],[220,220,221,255],[191,40,46,255],[220,220,221,255],[220,220,221,255],[221,220,219,255],[221,220,219,255],[221,220,219,255],[220,220,221,255],[221,220,219,255],[221,220,219,255],[220,220,221,255],[220,220,221,255],[220,220,221,255],[220,220,221,255]],[[221,220,219,255],[221,220,219,255],[221,220,219,255],[220,220,221,255],[221,220,219,255],[221,220,219,255],[220,220,221,255],[220,220,221,255],[221,220,219,255],[220,220,221,255],[220,220,221,255],[220,220,221,255],[220,220,221,255],[221,220,219,255],[220,220,221,255],[220,220,221,255],[221,220,219,255],[221,220,219,255],[221,220,219,255],[221,220,219,255]],[[220,220,221,255],[220,220,221,255],[220,220,221,255],[221,220,219,255],[220,220,221,255],[221,220,219,255],[221,220,219,255],[220,220,221,255],[220,220,221,255],[221,220,219,255],[221,220,219,255],[220,220,221,255],[221,220,219,255],[221,220,219,255],[221,220,219,255],[220,220,221,255],[220,220,221,255],[220,220,221,255],[220,220,221,255],[220,220,221,255]],[[220,220,221,255],[220,220,221,255],[220,220,221,255],[221,220,219,255],[221,220,219,255],[220,220,221,255],[220,220,221,255],[221,220,219,255],[220,220,221,255],[221,220,219,255],[221,220,219,255],[221,220,219,255],[221,220,219,255],[220,220,221,255],[220,220,221,255],[220,220,221,255],[220,220,221,255],[220,220,221,255],[220,220,221,255],[220,220,221,255]],[[220,220,221,255],[221,220,219,255],[221,220,219,255],[220,220,221,255],[221,220,219,255],[220,220,221,255],[220,220,221,255],[221,220,219,255],[220,220,221,255],[220,220,221,255],[221,220,219,255],[221,220,219,255],[221,220,219,255],[220,220,221,255],[220,220,221,255],[221,220,219,255],[221,220,219,255],[220,220,221,255],[220,220,221,255],[220,220,221,255]],[[220,220,221,255],[220,220,221,255],[221,220,219,255],[220,220,221,255],[221,220,219,255],[220,220,221,255],[220,220,221,255],[221,220,219,255],[220,220,221,255],[221,220,219,255],[221,220,219,255],[221,220,219,255],[221,220,219,255],[220,220,221,255],[220,220,221,255],[221,220,219,255],[221,220,219,255],[220,220,221,255],[220,220,221,255],[220,220,221,255]],[[221,220,219,255],[220,220,221,255],[221,220,219,255],[220,220,221,255],[220,220,221,255],[221,220,219,255],[221,220,219,255],[220,220,221,255],[221,220,219,255],[221,220,219,255],[220,220,221,255],[220,220,221,255],[220,220,221,255],[221,220,219,255],[221,220,219,255],[221,220,219,255],[221,220,219,255],[220,220,221,255],[221,220,219,255],[221,220,219,255]],[[221,220,219,255],[221,220,219,255],[221,220,219,255],[220,220,221,255],[220,220,221,255],[220,220,221,255],[221,220,219,255],[221,220,219,255],[220,220,221,255],[221,220,219,255],[220,220,221,255],[220,220,221,255],[220,220,221,255],[221,220,219,255],[221,220,219,255],[221,220,219,255],[221,220,219,255],[220,220,221,255],[221,220,219,255],[221,220,219,255]],[[220,220,221,255],[220,220,221,255],[221,220,219,255],[220,220,221,255],[220,220,221,255],[220,220,221,255],[221,220,219,255],[221,220,219,255],[220,220,221,255],[220,220,221,255],[220,220,221,255],[221,220,219,255],[221,220,219,255],[221,220,219,255],[221,220,219,255],[221,220,219,255],[221,220,219,255],[220,220,221,255],[221,220,219,255],[221,220,219,255]],[[220,220,221,255],[220,220,221,255],[221,220,219,255],[220,220,221,255],[221,220,219,255],[221,220,219,255],[220,220,221,255],[220,220,221,255],[221,220,219,255],[220,220,221,255],[220,220,221,255],[221,220,219,255],[221,220,219,255],[221,220,219,255],[221,220,219,255],[221,220,219,255],[221,220,219,255],[220,220,221,255],[220,220,221,255],[220,220,221,255]],[[221,220,219,255],[221,220,219,255],[220,220,221,255],[221,220,219,255],[221,220,219,255],[221,220,219,255],[220,220,221,255],[220,220,221,255],[221,220,219,255],[220,220,221,255],[220,220,221,255],[220,220,221,255],[220,220,221,255],[220,220,221,255],[220,220,221,255],[220,220,221,255],[220,220,221,255],[221,220,219,255],[220,220,221,255],[220,220,221,255]],[[221,220,219,255],[221,220,219,255],[221,220,219,255],[220,220,221,255],[220,220,221,255],[221,220,219,255],[221,220,219,255],[220,220,221,255],[221,220,219,255],[220,220,221,255],[220,220,221,255],[220,220,221,255],[220,220,221,255],[221,220,219,255],[221,220,219,255],[221,220,219,255],[220,220,221,255],[220,220,221,255],[221,220,219,255],[221,220,219,255]],[[221,220,219,255],[221,220,219,255],[221,220,219,255],[220,220,221,255],[220,220,221,255],[221,220,219,255],[221,220,219,255],[220,220,221,255],[221,220,219,255],[220,220,221,255],[220,220,221,255],[220,220,221,255],[220,220,221,255],[221,220,219,255],[221,220,219,255],[221,220,219,255],[220,220,221,255],[220,220,221,255],[221,220,219,255],[221,220,219,255]]],"type":"image","xaxis":"x4","yaxis":"y4"},{"marker":{"cmax":1,"cmin":0,"color":[0.005957581,0.9947481,0.99866885,1.0121689,1.0093609,0.98754406,1.0015173,1.0095406,1.3331971,1.0086137,1.2918578,1.3151447,1.3234829,1.3982071,1.3931103,1.4113494,1.4152663,1.403874,1.4154463,1.4069477]},"width":0.9,"x":[0,1,2,3,4,5,6,7,8,9,10,11,12,13,14,15,16,17,18,19],"y":[1.0007062,1.0093275,1.012182,0.998657,0.9947129,1.0085907,1.0095345,1.001522,0.005624201,0.98753726,0.0027042252,0.0025817824,0.0021527621,0.0028687217,0.0015376308,0.0043921773,0.0035026143,0.0021752836,0.00421206,0.0018712569],"type":"bar","xaxis":"x5","yaxis":"y5"},{"colormodel":"rgba256","customdata":[[1.0014129,-0.00059288926,-0.0041501974,0.0021685322,0.0002795659,-0.00027785884,-0.00007036223,0.00048878626,-0.002630594,0.00020919448,0.0015364279,-0.0013288037,-0.0010653852,-0.0004907786,0.00034873214,-0.0003479984,0.00013203162,-0.0003621073,0.000053988893,0.00007708409],[-0.00059288926,1.0187422,0.0048275865,-0.000031378437,-1.0039812,0.0019790276,-0.003408611,-0.00019480076,-0.0021202185,-0.0046560373,-0.0005868369,0.000571839,0.0017083347,0.0002892022,0.00050503394,-0.0042370246,-0.0025608346,0.0010603616,-0.0039302246,-0.00089368335],[-0.0041501974,0.0048275865,1.0245124,-1.0108027,-0.00383187,0.0023963815,0.0002457177,0.00205087,0.0007377143,-0.0022049048,0.0017641272,-0.0020181455,0.00045371603,-0.001202186,-0.000563565,0.0012171434,-0.0011150482,-0.0007009023,-0.00084943185,-0.00094159873],[0.0021685322,-0.000031378437,-1.0108027,0.99731576,-0.00088613376,0.0011360425,0.0009811308,-0.0032572055,-0.0007450157,-0.0012667326,-0.0017504923,0.0019973195,-0.00043653024,0.001197542,0.0005565223,-0.0012197632,0.0010862179,0.0007018865,0.00081582734,0.0009284467],[0.0002795659,-1.0039812,-0.00383187,-0.00088613376,0.9894537,-0.0016325103,-0.0009965961,0.004515002,0.0020827146,0.004285859,0.00057886436,-0.0005622787,-0.001685689,-0.00028644197,-0.0004927236,0.004175839,0.0025319937,-0.0010518631,0.0038773988,0.000882499],[-0.00027785884,0.0019790276,0.0023963815,0.0011360425,-0.0016325103,1.0172553,-0.001284203,0.000554918,-0.0041816644,-0.9960153,-0.0012517952,0.0004748975,0.00010148905,0.0025494227,0.000115456096,-0.0000491196,0.0002361441,0.0008282976,-0.0007236861,0.001265942],[-0.00007036223,-0.003408611,0.0002457177,0.0009811308,-0.0009965961,-0.001284203,1.0191598,-1.0110617,0.0016393426,-0.00068086764,0.000053775708,-0.0005997469,0.00066331145,0.00029576942,-0.0013058328,0.00024900542,-0.0021500294,0.0015380795,-0.0011813362,-0.0005228629],[0.00048878626,-0.00019480076,0.00205087,-0.0032572055,0.004515002,0.000554918,-1.0110617,1.0030463,-0.0016153788,0.0013894069,-0.00004576078,0.00058751594,-0.0006635619,-0.00029916436,0.0012924898,-0.0002294804,0.002139357,-0.0015319324,0.001184412,0.00051887287],[-0.002630594,-0.0021202185,0.0007377143,-0.0007450157,0.0020827146,-0.0041816644,0.0016393426,-0.0016153788,0.000031631633,0.004097162,0.0000036937179,-0.0000020734976,2.290169e-7,-0.000010185044,-0.0000049315718,0.000011182456,-2.5211006e-7,-0.0000027046583,0.000008473117,-0.000005069709],[0.00020919448,-0.0046560373,-0.0022049048,-0.0012667326,0.004285859,-0.9960153,-0.00068086764,0.0013894069,0.004097162,0.9752298,0.0012272904,-0.0004655841,-0.00010507128,-0.002497674,-0.00011200841,0.000059159986,-0.00022042976,-0.0008168595,0.0007212149,-0.0012362633],[0.0015364279,-0.0005868369,0.0017641272,-0.0017504923,0.00057886436,-0.0012517952,0.000053775708,-0.00004576078,0.0000036937179,0.0012272904,0.0000073128335,-0.0000064934216,-0.0000019397346,-0.0000061374985,-9.393932e-7,0.0000041076864,-6.389048e-7,-0.0000033350018,0.0000017276365,-0.000002581241],[-0.0013288037,0.000571839,-0.0020181455,0.0019973195,-0.0005622787,0.0004748975,-0.0005997469,0.00058751594,-0.0000020734976,-0.0004655841,-0.0000064934216,0.0000066656003,0.0000011520208,0.00000422127,0.0000017550382,-0.0000045155916,0.0000019481004,0.0000019596146,-2.6758397e-7,0.0000021539697],[-0.0010653852,0.0017083347,0.00045371603,-0.00043653024,-0.001685689,0.00010148905,0.00066331145,-0.0006635619,2.290169e-7,-0.00010507128,-0.0000019397346,0.0000011520208,0.0000046343853,9.2719756e-7,-6.1199097e-7,-0.0000060506704,-0.000006301081,0.000002949189,-0.00000785577,-0.0000022066185],[-0.0004907786,0.0002892022,-0.001202186,0.001197542,-0.00028644197,0.0025494227,0.00029576942,-0.00029916436,-0.000010185044,-0.002497674,-0.0000061374985,0.00000422127,9.2719756e-7,0.0000082295655,5.43287e-7,-0.00000252632,4.819603e-7,0.0000038413978,-0.0000023068476,0.0000038423477],[0.00034873214,0.00050503394,-0.000563565,0.0005565223,-0.0004927236,0.000115456096,-0.0013058328,0.0012924898,-0.0000049315718,-0.00011200841,-9.393932e-7,0.0000017550382,-6.1199097e-7,5.43287e-7,0.0000023643083,-0.0000032084808,0.0000021719875,-0.0000010899951,-2.5014048e-8,9.150403e-7],[-0.0003479984,-0.0042370246,0.0012171434,-0.0012197632,0.004175839,-0.0000491196,0.00024900542,-0.0002294804,0.000011182456,0.000059159986,0.0000041076864,-0.0000045155916,-0.0000060506704,-0.00000252632,-0.0000032084808,0.000019291221,0.000008768368,-0.0000048177444,0.00001508197,0.0000023844927],[0.00013203162,-0.0025608346,-0.0011150482,0.0010862179,0.0025319937,0.0002361441,-0.0021500294,0.002139357,-2.5211006e-7,-0.00022042976,-6.389048e-7,0.0000019481004,-0.000006301081,4.819603e-7,0.0000021719875,0.000008768368,0.000012268308,-0.000005019893,0.000013139608,0.0000046785767],[-0.0003621073,0.0010603616,-0.0007009023,0.0007018865,-0.0010518631,0.0008282976,0.0015380795,-0.0015319324,-0.0000027046583,-0.0008168595,-0.0000033350018,0.0000019596146,0.000002949189,0.0000038413978,-0.0000010899951,-0.0000048177444,-0.000005019893,0.0000047318586,-0.000005926298,-7.067912e-8],[0.000053988893,-0.0039302246,-0.00084943185,0.00081582734,0.0038773988,-0.0007236861,-0.0011813362,0.001184412,0.000008473117,0.0007212149,0.0000017276365,-2.6758397e-7,-0.00000785577,-0.0000023068476,-2.5014048e-8,0.00001508197,0.000013139608,-0.000005926298,0.00001774145,0.0000039344886],[0.00007708409,-0.00089368335,-0.00094159873,0.0009284467,0.000882499,0.001265942,-0.0005228629,0.00051887287,-0.000005069709,-0.0012362633,-0.000002581241,0.0000021539697,-0.0000022066185,0.0000038423477,9.150403e-7,0.0000023844927,0.0000046785767,-7.067912e-8,0.0000039344886,0.0000035016021]],"hovertemplate":"In: %{x}\u003cbr\u003e\nOut: %{y}\u003cbr\u003e\nWeight: %{customdata:0.2f}\n","z":[[[179,3,38,255],[220,220,221,255],[220,220,221,255],[221,220,219,255],[221,220,219,255],[220,220,221,255],[220,220,221,255],[221,220,219,255],[220,220,221,255],[221,220,219,255],[221,220,219,255],[220,220,221,255],[220,220,221,255],[220,220,221,255],[221,220,219,255],[220,220,221,255],[221,220,219,255],[220,220,221,255],[221,220,219,255],[221,220,219,255]],[[220,220,221,255],[179,3,38,255],[221,220,219,255],[220,220,221,255],[58,76,192,255],[221,220,219,255],[220,220,221,255],[220,220,221,255],[220,220,221,255],[220,220,221,255],[220,220,221,255],[221,220,219,255],[221,220,219,255],[221,220,219,255],[221,220,219,255],[220,220,221,255],[220,220,221,255],[221,220,219,255],[220,220,221,255],[220,220,221,255]],[[220,220,221,255],[221,220,219,255],[179,3,38,255],[58,76,192,255],[220,220,221,255],[221,220,219,255],[221,220,219,255],[221,220,219,255],[221,220,219,255],[220,220,221,255],[221,220,219,255],[220,220,221,255],[221,220,219,255],[220,220,221,255],[220,220,221,255],[221,220,219,255],[220,220,221,255],[220,220,221,255],[220,220,221,255],[220,220,221,255]],[[221,220,219,255],[220,220,221,255],[58,76,192,255],[179,3,38,255],[220,220,221,255],[221,220,219,255],[221,220,219,255],[220,220,221,255],[220,220,221,255],[220,220,221,255],[220,220,221,255],[221,220,219,255],[220,220,221,255],[221,220,219,255],[221,220,219,255],[220,220,221,255],[221,220,219,255],[221,220,219,255],[221,220,219,255],[221,220,219,255]],[[221,220,219,255],[58,76,192,255],[220,220,221,255],[220,220,221,255],[181,8,39,255],[220,220,221,255],[220,220,221,255],[221,220,219,255],[221,220,219,255],[221,220,219,255],[221,220,219,255],[220,220,221,255],[220,220,221,255],[220,220,221,255],[220,220,221,255],[221,220,219,255],[221,220,219,255],[220,220,221,255],[221,220,219,255],[221,220,219,255]],[[220,220,221,255],[221,220,219,255],[221,220,219,255],[221,220,219,255],[220,220,221,255],[179,3,38,255],[220,220,221,255],[221,220,219,255],[220,220,221,255],[58,76,192,255],[220,220,221,255],[221,220,219,255],[221,220,219,255],[221,220,219,255],[221,220,219,255],[220,220,221,255],[221,220,219,255],[221,220,219,255],[220,220,221,255],[221,220,219,255]],[[220,220,221,255],[220,220,221,255],[221,220,219,255],[221,220,219,255],[220,220,221,255],[220,220,221,255],[179,3,38,255],[58,76,192,255],[221,220,219,255],[220,220,221,255],[221,220,219,255],[220,220,221,255],[221,220,219,255],[221,220,219,255],[220,220,221,255],[221,220,219,255],[220,220,221,255],[221,220,219,255],[220,220,221,255],[220,220,221,255]],[[221,220,219,255],[220,220,221,255],[221,220,219,255],[220,220,221,255],[221,220,219,255],[221,220,219,255],[58,76,192,255],[179,3,38,255],[220,220,221,255],[221,220,219,255],[220,220,221,255],[221,220,219,255],[220,220,221,255],[220,220,221,255],[221,220,219,255],[220,220,221,255],[221,220,219,255],[220,220,221,255],[221,220,219,255],[221,220,219,255]],[[220,220,221,255],[220,220,221,255],[221,220,219,255],[220,220,221,255],[221,220,219,255],[220,220,221,255],[221,220,219,255],[220,220,221,255],[221,220,219,255],[221,220,219,255],[221,220,219,255],[220,220,221,255],[221,220,219,255],[220,220,221,255],[220,220,221,255],[221,220,219,255],[220,220,221,255],[220,220,221,255],[221,220,219,255],[220,220,221,255]],[[221,220,219,255],[220,220,221,255],[220,220,221,255],[220,220,221,255],[221,220,219,255],[58,76,192,255],[220,220,221,255],[221,220,219,255],[221,220,219,255],[184,17,41,255],[221,220,219,255],[220,220,221,255],[220,220,221,255],[220,220,221,255],[220,220,221,255],[221,220,219,255],[220,220,221,255],[220,220,221,255],[221,220,219,255],[220,220,221,255]],[[221,220,219,255],[220,220,221,255],[221,220,219,255],[220,220,221,255],[221,220,219,255],[220,220,221,255],[221,220,219,255],[220,220,221,255],[221,220,219,255],[221,220,219,255],[221,220,219,255],[220,220,221,255],[220,220,221,255],[220,220,221,255],[220,220,221,255],[221,220,219,255],[220,220,221,255],[220,220,221,255],[221,220,219,255],[220,220,221,255]],[[220,220,221,255],[221,220,219,255],[220,220,221,255],[221,220,219,255],[220,220,221,255],[221,220,219,255],[220,220,221,255],[221,220,219,255],[220,220,221,255],[220,220,221,255],[220,220,221,255],[221,220,219,255],[221,220,219,255],[221,220,219,255],[221,220,219,255],[220,220,221,255],[221,220,219,255],[221,220,219,255],[220,220,221,255],[221,220,219,255]],[[220,220,221,255],[221,220,219,255],[221,220,219,255],[220,220,221,255],[220,220,221,255],[221,220,219,255],[221,220,219,255],[220,220,221,255],[221,220,219,255],[220,220,221,255],[220,220,221,255],[221,220,219,255],[221,220,219,255],[221,220,219,255],[220,220,221,255],[220,220,221,255],[220,220,221,255],[221,220,219,255],[220,220,221,255],[220,220,221,255]],[[220,220,221,255],[221,220,219,255],[220,220,221,255],[221,220,219,255],[220,220,221,255],[221,220,219,255],[221,220,219,255],[220,220,221,255],[220,220,221,255],[220,220,221,255],[220,220,221,255],[221,220,219,255],[221,220,219,255],[221,220,219,255],[221,220,219,255],[220,220,221,255],[221,220,219,255],[221,220,219,255],[220,220,221,255],[221,220,219,255]],[[221,220,219,255],[221,220,219,255],[220,220,221,255],[221,220,219,255],[220,220,221,255],[221,220,219,255],[220,220,221,255],[221,220,219,255],[220,220,221,255],[220,220,221,255],[220,220,221,255],[221,220,219,255],[220,220,221,255],[221,220,219,255],[221,220,219,255],[220,220,221,255],[221,220,219,255],[220,220,221,255],[221,220,219,255],[221,220,219,255]],[[220,220,221,255],[220,220,221,255],[221,220,219,255],[220,220,221,255],[221,220,219,255],[220,220,221,255],[221,220,219,255],[220,2