<div>                        <script type="text/javascript">window.PlotlyConfig = {MathJaxConfig: 'local'};</script>
        <script charset="utf-8" src="https://cdn.plot.ly/plotly-2.35.2.min.js"></script>                <div id="18e6a897-e83b-454e-917f-0ffa14de882b" class="plotly-graph-div" style="height:700px; width:600px;"></div>            <script type="text/javascript">                                    window.PLOTLYENV=window.PLOTLYENV || {};                                    if (document.getElementById("18e6a897-e83b-454e-917f-0ffa14de882b")) {                    Plotly.newPlot(                        "18e6a897-e83b-454e-917f-0ffa14de882b",                        [{"marker":{"cmax":1,"cmin":0,"color":[0.0051432294,0.0036669262,0.0036311557,0.004737316,0.00557879,0.9980376,0.99781835,0.9970485,0.9957873,0.99600905,0.9956472,0.9952144,0.98781353,0.99156463,0.9749238,0.9836393,0.9821431,0.9857576,0.96309656,0.9576029]},"width":0.9,"x":[0,1,2,3,4,5,6,7,8,9,10,11,12,13,14,15,16,17,18,19],"y":[0.99985653,0.9998866,0.99987555,0.9999935,0.99985945,0.0064270636,0.0047852998,0.003926222,0.0023751068,0.0025440792,0.002406311,0.0022122692,0.00081992353,0.0011722242,0.0003902871,0.000600536,0.0005585103,0.0007053654,0.00026094998,0.00022752832],"type":"bar","xaxis":"x","yaxis":"y"},{"colormodel":"rgba256","customdata":[[0.9997131,-0.00018000108,-0.0003393551,-0.00013226716,-0.00031083904,0.0022036375,0.0031006585,-0.002440031,-0.00015632162,0.0011485781,-0.00095669937,-0.0016578789,-0.0001656479,-0.00055335613,-0.000055369757,-0.00038540704,-0.00019269691,-0.00042731792,-0.00012888733,-0.00017658825],[-0.00018000108,0.9997732,-0.000046849193,-0.000053859654,-0.00023383988,0.00321253,0.00084324845,0.0000032866246,-0.0004688348,-0.0003716468,0.00028894888,-0.0011880081,0.0003150996,-0.00042024854,0.00006587591,-0.0002615869,-0.000069787384,-0.00031821005,0.000014087409,-0.00011038812],[-0.0003393551,-0.000046849193,0.99975115,-0.00011126512,-0.00021832535,0.0013709593,-0.0014642009,-0.0017667572,0.0017946345,0.0011422042,-0.000956971,-0.0003524376,-0.00016852541,0.00043085348,-0.000058172547,0.00007266801,-0.00021328623,-0.00011674149,-0.000067075984,-0.000091311435],[-0.00013226716,-0.000053859654,-0.00011126512,0.999987,-0.00009598594,0.0020373627,0.0031429597,-0.00018733137,-0.0010606545,0.0015060344,-0.0018769798,-0.0007693925,-0.00046239892,-0.00042585123,0.00012473868,0.00017749047,-0.00042416895,-0.00043835386,0.00011722572,-0.0000022033614],[-0.00031083904,-0.00023383988,-0.00021832535,-0.00009598594,0.9997189,0.00447947,0.0007394914,-0.0025083313,-0.0010251147,-0.0012004848,-0.00059162476,-0.0001224947,-0.0005505691,0.000724126,0.0003548807,0.0003269638,-0.00021055902,-0.00008721004,0.00018177752,-0.0000048647485],[0.0022036375,0.00321253,0.0013709593,0.0020373627,0.00447947,0.00004130715,0.000017264703,-0.000019426872,-0.0000061448054,5.973852e-7,-0.000008974949,-0.000010079705,-0.0000029946152,3.97386e-7,0.0000018547713,2.3571964e-7,-0.0000027510714,-0.0000034109116,7.225198e-7,-8.963169e-7],[0.0031006585,0.00084324845,-0.0014642009,0.0031429597,0.0007394914,0.000017264703,0.000022899094,-0.000007428269,-0.0000075996654,0.0000054225898,-0.000007661908,-0.000008139122,-0.0000018626129,-0.0000035036953,6.23983e-7,-7.2248946e-7,-0.0000018339158,-0.0000028658587,2.133859e-7,-5.178927e-7],[-0.002440031,0.0000032866246,-0.0017667572,-0.00018733137,-0.0025083313,-0.000019426872,-0.000007428269,0.000015415222,-2.0493365e-8,-0.0000020957066,0.000005867657,0.000005121715,0.000002172284,-0.000001149146,-6.7603713e-7,-4.2000302e-8,0.0000014559868,0.0000015507138,-4.492618e-8,6.051322e-7],[-0.00015632162,-0.0004688348,0.0017946345,-0.0010606545,-0.0010251147,-0.0000061448054,-0.0000075996654,-2.0493365e-8,0.0000056411327,0.0000016782217,8.9384673e-7,0.0000011256309,6.305142e-7,7.661384e-7,-6.228021e-7,-2.1008924e-7,3.4584377e-7,5.609146e-7,-4.175456e-7,-7.715574e-8],[0.0011485781,-0.0003716468,0.0011422042,0.0015060344,-0.0012004848,5.973852e-7,0.0000054225898,-0.0000020957066,0.0000016782217,0.0000064723395,-0.0000044173485,-0.000002878045,-5.3573143e-7,-0.0000014977596,-3.9261636e-7,-3.8765967e-7,-8.2539606e-7,-0.0000010617327,-2.7158327e-7,-2.637095e-7],[-0.00095669937,0.00028894888,-0.000956971,-0.0018769798,-0.00059162476,-0.000008974949,-0.000007661908,0.000005867657,8.9384673e-7,-0.0000044173485,0.0000057903326,0.0000030994254,0.0000016052003,3.6643658e-7,-3.1664788e-7,-3.0288808e-7,0.0000012897232,0.0000013038102,-1.3600517e-7,2.3174341e-7],[-0.0016578789,-0.0011880081,-0.0003524376,-0.0007693925,-0.0001224947,-0.000010079705,-0.000008139122,0.000005121715,0.0000011256309,-0.000002878045,0.0000030994254,0.0000048941347,3.8367352e-7,0.0000015036379,-1.05740035e-7,7.475999e-7,8.304468e-7,0.0000014765169,1.0807409e-7,4.58697e-7],[-0.0001656479,0.0003150996,-0.00016852541,-0.00046239892,-0.0005505691,-0.0000029946152,-0.0000018626129,0.000002172284,6.305142e-7,-5.3573143e-7,0.0000016052003,3.8367352e-7,6.7227455e-7,-3.151599e-7,-2.1339625e-7,-2.9288168e-7,3.5813355e-7,2.4114263e-7,-1.1719027e-7,1.3641052e-8],[-0.00055335613,-0.00042024854,0.00043085348,-0.00042585123,0.000724126,3.97386e-7,-0.0000035036953,-0.000001149146,7.661384e-7,-0.0000014977596,3.6643658e-7,0.0000015036379,-3.151599e-7,0.0000013741096,1.817396e-7,5.156622e-7,7.2204756e-8,4.4337773e-7,1.1819752e-7,1.02168364e-7],[-0.000055369757,0.00006587591,-0.000058172547,0.00012473868,0.0003548807,0.0000018547713,6.23983e-7,-6.7603713e-7,-6.228021e-7,-3.9261636e-7,-3.1664788e-7,-1.05740035e-7,-2.1339625e-7,1.817396e-7,1.5232403e-7,1.3803039e-7,-1.09224594e-7,-7.623974e-8,9.110295e-8,5.7818035e-9],[-0.00038540704,-0.0002615869,0.00007266801,0.00017749047,0.0003269638,2.3571964e-7,-7.2248946e-7,-4.2000302e-8,-2.1008924e-7,-3.8765967e-7,-3.0288808e-7,7.475999e-7,-2.9288168e-7,5.156622e-7,1.3803039e-7,3.606435e-7,-6.70748e-8,1.331643e-7,1.2134564e-7,8.83265e-8],[-0.00019269691,-0.000069787384,-0.00021328623,-0.00042416895,-0.00021055902,-0.0000027510714,-0.0000018339158,0.0000014559868,3.4584377e-7,-8.2539606e-7,0.0000012897232,8.304468e-7,3.5813355e-7,7.2204756e-8,-1.09224594e-7,-6.70748e-8,3.1193375e-7,3.3398146e-7,-4.9842384e-8,6.324792e-8],[-0.00042731792,-0.00031821005,-0.00011674149,-0.00043835386,-0.00008721004,-0.0000034109116,-0.0000028658587,0.0000015507138,5.609146e-7,-0.0000010617327,0.0000013038102,0.0000014765169,2.4114263e-7,4.4337773e-7,-7.623974e-8,1.331643e-7,3.3398146e-7,4.975403e-7,-8.828053e-9,1.227368e-7],[-0.00012888733,0.000014087409,-0.000067075984,0.00011722572,0.00018177752,7.225198e-7,2.133859e-7,-4.492618e-8,-4.175456e-7,-2.7158327e-7,-1.3600517e-7,1.0807409e-7,-1.1719027e-7,1.1819752e-7,9.110295e-8,1.2134564e-7,-4.9842384e-8,-8.828053e-9,6.809488e-8,2.6182265e-8],[-0.00017658825,-0.00011038812,-0.000091311435,-0.0000022033614,-0.0000048647485,-8.963169e-7,-5.178927e-7,6.051322e-7,-7.715574e-8,-2.637095e-7,2.3174341e-7,4.58697e-7,1.3641052e-8,1.02168364e-7,5.7818035e-9,8.83265e-8,6.324792e-8,1.227368e-7,2.6182265e-8,5.1769135e-8]],"hovertemplate":"In: %{x}\u003cbr\u003e\nOut: %{y}\u003cbr\u003e\nWeight: %{customdata:0.2f}\n","z":[[[179,3,38,255],[220,220,221,255],[220,220,221,255],[220,220,221,255],[220,220,221,255],[221,220,219,255],[221,220,219,255],[220,220,221,255],[220,220,221,255],[221,220,219,255],[220,220,221,255],[220,220,221,255],[220,220,221,255],[220,220,221,255],[220,220,221,255],[220,220,221,255],[220,220,221,255],[220,220,221,255],[220,220,221,255],[220,220,221,255]],[[220,220,221,255],[179,3,38,255],[220,220,221,255],[220,220,221,255],[220,220,221,255],[221,220,219,255],[221,220,219,255],[221,220,219,255],[220,220,221,255],[220,220,221,255],[221,220,219,255],[220,220,221,255],[221,220,219,255],[220,220,221,255],[221,220,219,255],[220,220,221,255],[220,220,221,255],[220,220,221,255],[221,220,219,255],[220,220,221,255]],[[220,220,221,255],[220,220,221,255],[179,3,38,255],[220,220,221,255],[220,220,221,255],[221,220,219,255],[220,220,221,255],[220,220,221,255],[221,220,219,255],[221,220,219,255],[220,220,221,255],[220,220,221,255],[220,220,221,255],[221,220,219,255],[220,220,221,255],[221,220,219,255],[220,220,221,255],[220,220,221,255],[220,220,221,255],[220,220,221,255]],[[220,220,221,255],[220,220,221,255],[220,220,221,255],[179,3,38,255],[220,220,221,255],[221,220,219,255],[221,220,219,255],[220,220,221,255],[220,220,221,255],[221,220,219,255],[220,220,221,255],[220,220,221,255],[220,220,221,255],[220,220,221,255],[221,220,219,255],[221,220,219,255],[220,220,221,255],[220,220,221,255],[221,220,219,255],[220,220,221,255]],[[220,220,221,255],[220,220,221,255],[220,220,221,255],[220,220,221,255],[179,3,38,255],[221,220,219,255],[221,220,219,255],[220,220,221,255],[220,220,221,255],[220,220,221,255],[220,220,221,255],[220,220,221,255],[220,220,221,255],[221,220,219,255],[221,220,219,255],[221,220,219,255],[220,220,221,255],[220,220,221,255],[221,220,219,255],[220,220,221,255]],[[221,220,219,255],[221,220,219,255],[221,220,219,255],[221,220,219,255],[221,220,219,255],[221,220,219,255],[221,220,219,255],[220,220,221,255],[220,220,221,255],[221,220,219,255],[220,220,221,255],[220,220,221,255],[220,220,221,255],[221,220,219,255],[221,220,219,255],[221,220,219,255],[220,220,221,255],[220,220,221,255],[221,220,219,255],[220,220,221,255]],[[221,220,219,255],[221,220,219,255],[220,220,221,255],[221,220,219,255],[221,220,219,255],[221,220,219,255],[221,220,219,255],[220,220,221,255],[220,220,221,255],[221,220,219,255],[220,220,221,255],[220,220,221,255],[220,220,221,255],[220,220,221,255],[221,220,219,255],[220,220,221,255],[220,220,221,255],[220,220,221,255],[221,220,219,255],[220,220,221,255]],[[220,220,221,255],[221,220,219,255],[220,220,221,255],[220,220,221,255],[220,220,221,255],[220,220,221,255],[220,220,221,255],[221,220,219,255],[221,220,219,255],[220,220,221,255],[221,220,219,255],[221,220,219,255],[221,220,219,255],[220,220,221,255],[220,220,221,255],[220,220,221,255],[221,220,219,255],[221,220,219,255],[220,220,221,255],[221,220,219,255]],[[220,220,221,255],[220,220,221,255],[221,220,219,255],[220,220,221,255],[220,220,221,255],[220,220,221,255],[220,220,221,255],[221,220,219,255],[221,220,219,255],[221,220,219,255],[221,220,219,255],[221,220,219,255],[221,220,219,255],[221,220,219,255],[220,220,221,255],[220,220,221,255],[221,220,219,255],[221,220,219,255],[220,220,221,255],[220,220,221,255]],[[221,220,219,255],[220,220,221,255],[221,220,219,255],[221,220,219,255],[220,220,221,255],[221,220,219,255],[221,220,219,255],[220,220,221,255],[221,220,219,255],[221,220,219,255],[220,220,221,255],[220,220,221,255],[220,220,221,255],[220,220,221,255],[220,220,221,255],[220,220,221,255],[220,220,221,255],[220,220,221,255],[220,220,221,255],[220,220,221,255]],[[220,220,221,255],[221,220,219,255],[220,220,221,255],[220,220,221,255],[220,220,221,255],[220,220,221,255],[220,220,221,255],[221,220,219,255],[221,220,219,255],[220,220,221,255],[221,220,219,255],[221,220,219,255],[221,220,219,255],[221,220,219,255],[220,220,221,255],[220,220,221,255],[221,220,219,255],[221,220,219,255],[220,220,221,255],[221,220,219,255]],[[220,220,221,255],[220,220,221,255],[220,220,221,255],[220,220,221,255],[220,220,221,255],[220,220,221,255],[220,220,221,255],[221,220,219,255],[221,220,219,255],[220,220,221,255],[221,220,219,255],[221,220,219,255],[221,220,219,255],[221,220,219,255],[220,220,221,255],[221,220,219,255],[221,220,219,255],[221,220,219,255],[221,220,219,255],[221,220,219,255]],[[220,220,221,255],[221,220,219,255],[220,220,221,255],[220,220,221,255],[220,220,221,255],[220,220,221,255],[220,220,221,255],[221,220,219,255],[221,220,219,255],[220,220,221,255],[221,220,219,255],[221,220,219,255],[221,220,219,255],[220,220,221,255],[220,220,221,255],[220,220,221,255],[221,220,219,255],[221,220,219,255],[220,220,221,255],[221,220,219,255]],[[220,220,221,255],[220,220,221,255],[221,220,219,255],[220,220,221,255],[221,220,219,255],[221,220,219,255],[220,220,221,255],[220,220,221,255],[221,220,219,255],[220,220,221,255],[221,220,219,255],[221,220,219,255],[220,220,221,255],[221,220,219,255],[221,220,219,255],[221,220,219,255],[221,220,219,255],[221,220,219,255],[221,220,219,255],[221,220,219,255]],[[220,220,221,255],[221,220,219,255],[220,220,221,255],[221,220,219,255],[221,220,219,255],[221,220,219,255],[221,220,219,255],[220,220,221,255],[220,220,221,255],[220,220,221,255],[220,220,221,255],[220,220,221,255],[220,220,221,255],[221,220,219,255],[221,220,219,255],[221,220,219,255],[220,220,221,255],[220,220,221,255],[221,220,219,255],[221,220,219,255]],[[220,220,221,255],[220,220,221,255],[221,220,219,255],[221,220,219,255],[221,220,219,255],[221,220,219,255],[220,220,221,255],[220,220,221,255],[220,220,221,255],[220,220,221,255],[220,220,221,255],[221,220,219,255],[220,220,221,255],[221,220,219,255],[221,220,219,255],[221,220,219,255],[220,220,221,255],[221,220,219,255],[221,220,219,255],[221,220,219,255]],[[220,220,221,255],[220,220,221,255],[220,220,221,255],[220,220,221,255],[220,220,221,255],[220,220,221,255],[220,220,221,255],[221,220,219,255],[221,220,219,255],[220,220,221,255],[221,220,219,255],[221,220,219,255],[221,220,219,255],[221,220,219,255],[220,220,221,255],[220,220,221,255],[221,220,219,255],[221,220,219,255],[220,220,221,255],[221,220,219,255]],[[220,220,221,255],[220,220,221,255],[220,220,221,255],[220,220,221,255],[220,220,221,255],[220,220,221,255],[220,220,221,255],[221,220,219,255],[221,220,219,255],[220,220,221,255],[221,220,219,255],[221,220,219,255],[221,220,219,255],[221,220,219,255],[220,220,221,255],[221,220,219,255],[221,220,219,255],[221,220,219,255],[221,220,219,255],[221,220,219,255]],[[220,220,221,255],[221,220,219,255],[220,220,221,255],[221,220,219,255],[221,220,219,255],[221,220,219,255],[221,220,219,255],[220,220,221,255],[220,220,221,255],[220,220,221,255],[220,220,221,255],[221,220,219,255],[220,220,221,255],[221,220,219,255],[221,220,219,255],[221,220,219,255],[220,220,221,255],[221,220,219,255],[221,220,219,255],[221,220,219,255]],[[220,220,221,255],[220,220,221,255],[220,220,221,255],[220,220,221,255],[220,220,221,255],[220,220,221,255],[220,220,221,255],[221,220,219,255],[220,220,221,255],[220,220,221,255],[221,220,219,255],[221,220,219,255],[221,220,219,255],[221,220,219,255],[221,220,219,255],[221,220,219,255],[221,220,219,255],[221,220,219,255],[221,220,219,255],[221,220,219,255]]],"type":"image","xaxis":"x2","yaxis":"y2"},{"marker":{"cmax":1,"cmin":0,"color":[0.0041452385,0.006099497,0.99104095,1.0226504,0.9666487,0.96719694,1.031659,1.0292604,1.408308,1.3769035,1.3306588,1.4056671,1.3781252,1.39409,1.3790241,1.3431585,1.2339307,1.4040787,1.2728652,1.3964777]},"width":0.9,"x":[0,1,2,3,4,5,6,7,8,9,10,11,12,13,14,15,16,17,18,19],"y":[1.0004252,1.0012585,1.0226178,0.99101496,1.0316635,1.0292227,0.9666361,0.9671666,0.008773975,0.0041184067,0.0034228635,0.005161331,0.0043771565,0.0026702238,0.0026167133,0.0007112258,0.0010164349,0.003832995,0.0015676564,0.0045276145],"type":"bar","xaxis":"x3","yaxis":"y3"},{"colormodel":"rgba256","customdata":[[1.0008506,-0.00033243507,0.0007734248,-0.001019755,0.0030684522,-0.0009535755,-0.00031805763,-0.00078771834,-0.0011381549,-0.0014116719,-0.00029305532,0.00012825333,0.00023058036,-0.00048329734,-0.00040539657,-0.00020772117,0.0003383816,-0.0000085988995,-0.0006317477,-0.0000638352],[-0.00033243507,1.0025187,-0.0027819143,-0.0009844337,-0.0035535872,0.0020721045,0.0014337926,-0.001233186,-0.00016327944,0.000120574296,-0.0015864585,-0.0009477262,-0.0013225338,0.00027383666,0.0006174126,0.00019547733,-0.00059858686,-0.0005141765,0.00070379366,0.0010788213],[0.0007734248,-0.0027819143,1.0457474,-1.0134124,0.0026617837,-0.0028976863,0.0010951866,-0.0017864674,-0.0055727605,-0.003855916,-0.0006756454,0.004485565,0.0009297475,0.0003282469,-0.000554329,-0.00047284804,0.00058090437,-0.0011911781,-0.00080674805,-0.0032039254],[-0.001019755,-0.0009844337,-1.0134124,0.9821107,-0.0011398548,-0.0015688611,-0.0024229377,0.0058428897,0.005373491,0.00373395,0.0006733345,-0.0043323785,-0.0008813686,-0.00032166712,0.00054372865,0.00045653654,-0.0005593253,0.0011497766,0.00078271,0.0030973412],[0.0030684522,-0.0035535872,0.0026617837,-0.0011398548,1.0643297,0.0030132807,-0.99722075,-0.0023066392,0.00057312875,0.00039534512,0.0016934002,0.00022372171,0.0033706175,-0.0026670191,0.002080987,-0.00046627442,-0.0002347179,0.0027855737,0.0008484876,-0.003193978],[-0.0009535755,0.0020721045,-0.0028976863,-0.0015688611,0.0030132807,1.0592995,0.0017508492,-0.99541765,0.0069710426,0.00080439856,-0.0025157945,-0.0026316643,-0.0024993508,-0.00022117673,-0.0014182614,0.00010038019,-0.00044900476,0.0024826312,-0.0005176693,-0.00015840292],[-0.00031805763,0.0014337926,0.0010951866,-0.0024229377,-0.99722075,0.0017508492,0.9343854,-0.002158254,-0.00052855717,-0.00038403494,-0.0015976608,-0.00020349081,-0.0031627538,0.0024973652,-0.001960101,0.00043480002,0.00022197327,-0.0026024177,-0.00080297823,0.0029787978],[-0.00078771834,-0.001233186,-0.0017864674,0.0058428897,-0.0023066392,-0.99541765,-0.002158254,0.9354113,-0.00652465,-0.00073662255,0.0023672758,0.002452902,0.0023450665,0.00020606801,0.0013373225,-0.00009204236,0.00041832204,-0.0023267423,0.00049192563,0.0001618941],[-0.0011381549,-0.00016327944,-0.0055727605,0.005373491,0.00057312875,0.0069710426,-0.00052855717,-0.00652465,0.00007698265,0.000027544165,-0.000011386098,-0.000040946154,-0.000019548044,-0.0000041309427,-0.0000049096993,0.000003118103,-0.0000064270894,0.000024223327,0.0000019213642,0.000014134977],[-0.0014116719,0.000120574296,-0.003855916,0.00373395,0.00039534512,0.00080439856,-0.00038403494,-0.00073662255,0.000027544165,0.000016961272,0.0000014986549,-0.000018692137,-0.0000044707317,-0.0000016856238,0.0000024188828,0.000001952604,-0.0000031076322,0.0000072657554,0.0000038776325,0.000010672251],[-0.00029305532,-0.0015864585,-0.0006756454,0.0006733345,0.0016934002,-0.0025157945,-0.0015976608,0.0023672758,-0.000011386098,0.0000014986549,0.000011715994,0.0000051057127,0.000012718979,-0.0000042308175,0.000006208748,-9.15408e-7,0.0000011503364,1.3700972e-7,0.0000021995247,-0.000004279669],[0.00012825333,-0.0009477262,0.004485565,-0.0043323785,0.00022372171,-0.0026316643,-0.00020349081,0.002452902,-0.000040946154,-0.000018692137,0.0000051057127,0.000026639336,0.000012094606,0.0000010970115,9.332789e-7,-0.0000025728318,0.0000041442763,-0.000010191346,-0.0000027304475,-0.000014976474],[0.00023058036,-0.0013225338,0.0009297475,-0.0008813686,0.0033706175,-0.0024993508,-0.0031627538,0.0023450665,-0.000019548044,-0.0000044707317,0.000012718979,0.000012094606,0.0000191595,-0.000008097567,0.000008567271,-0.000002424819,0.0000016758696,0.0000025826266,0.0000021548933,-0.000013946297],[-0.00048329734,0.00027383666,0.0003282469,-0.00032166712,-0.0026670191,-0.00022117673,0.0024973652,0.00020606801,-0.0000041309427,-0.0000016856238,-0.0000042308175,0.0000010970115,-0.000008097567,0.000007130096,-0.000004745378,0.0000011462023,5.4479887e-7,-0.000007989823,-0.0000017915354,0.000007318032],[-0.00040539657,0.0006174126,-0.000554329,0.00054372865,0.002080987,-0.0014182614,-0.001960101,0.0013373225,-0.0000049096993,0.0000024188828,0.000006208748,9.332789e-7,0.000008567271,-0.000004745378,0.0000068471877,-5.895104e-7,-6.805478e-7,0.000002446663,0.0000034960538,-0.0000036388992],[-0.00020772117,0.00019547733,-0.00047284804,0.00045653654,-0.00046627442,0.00010038019,0.00043480002,-0.00009204236,0.000003118103,0.000001952604,-9.15408e-7,-0.0000025728318,-0.000002424819,0.0000011462023,-5.895104e-7,5.058421e-7,-3.8593896e-7,-5.4135353e-7,2.0946456e-7,0.0000030400174],[0.0003383816,-0.00059858686,0.00058090437,-0.0005593253,-0.0002347179,-0.00044900476,0.00022197327,0.00041832204,-0.0000064270894,-0.0000031076322,0.0000011503364,0.0000041442763,0.0000016758696,5.4479887e-7,-6.805478e-7,-3.8593896e-7,0.0000010331399,-0.000002022005,-0.0000010508127,-0.0000016548044],[-0.0000085988995,-0.0005141765,-0.0011911781,0.0011497766,0.0027855737,0.0024826312,-0.0026024177,-0.0023267423,0.000024223327,0.0000072657554,1.3700972e-7,-0.000010191346,0.0000025826266,-0.000007989823,0.000002446663,-5.4135353e-7,-0.000002022005,0.00001469185,0.0000015765122,-0.0000056083886],[-0.0006317477,0.00070379366,-0.00080674805,0.00078271,0.0008484876,-0.0005176693,-0.00080297823,0.00049192563,0.0000019213642,0.0000038776325,0.0000021995247,-0.0000027304475,0.0000021548933,-0.0000017915354,0.0000034960538,2.0946456e-7,-0.0000010508127,0.0000015765122,0.0000024575463,7.8276e-7],[-0.0000638352,0.0010788213,-0.0032039254,0.0030973412,-0.003193978,-0.00015840292,0.0029787978,0.0001618941,0.000014134977,0.000010672251,-0.000004279669,-0.000014976474,-0.000013946297,0.000007318032,-0.0000036388992,0.0000030400174,-0.0000016548044,-0.0000056083886,7.8276e-7,0.000020499294]],"hovertemplate":"In: %{x}\u003cbr\u003e\nOut: %{y}\u003cbr\u003e\nWeight: %{customdata:0.2f}\n","z":[[[179,3,38,255],[220,220,221,255],[221,220,219,255],[220,220,221,255],[221,220,219,255],[220,220,221,255],[220,220,221,255],[220,220,221,255],[220,220,221,255],[220,220,221,255],[220,220,221,255],[221,220,219,255],[221,220,219,255],[220,220,221,255],[220,220,221,255],[220,220,221,255],[221,220,219,255],[220,220,221,255],[220,220,221,255],[220,220,221,255]],[[220,220,221,255],[179,3,38,255],[220,220,221,255],[220,220,221,255],[220,220,221,255],[221,220,219,255],[221,220,219,255],[220,220,221,255],[220,220,221,255],[221,220,219,255],[220,220,221,255],[220,220,221,255],[220,220,221,255],[221,220,219,255],[221,220,219,255],[221,220,219,255],[220,220,221,255],[220,220,221,255],[221,220,219,255],[221,220,219,255]],[[221,220,219,255],[220,220,221,255],[179,3,38,255],[58,76,192,255],[221,220,219,255],[220,220,221,255],[221,220,219,255],[220,220,221,255],[220,220,221,255],[220,220,221,255],[220,220,221,255],[221,220,219,255],[221,220,219,255],[221,220,219,255],[220,220,221,255],[220,220,221,255],[221,220,219,255],[220,220,221,255],[220,220,221,255],[220,220,221,255]],[[220,220,221,255],[220,220,221,255],[58,76,192,255],[182,13,40,255],[220,220,221,255],[220,220,221,255],[220,220,221,255],[221,220,219,255],[221,220,219,255],[221,220,219,255],[221,220,219,255],[220,220,221,255],[220,220,221,255],[220,220,221,255],[221,220,219,255],[221,220,219,255],[220,220,221,255],[221,220,219,255],[221,220,219,255],[221,220,219,255]],[[221,220,219,255],[220,220,221,255],[221,220,219,255],[220,220,221,255],[179,3,38,255],[221,220,219,255],[58,76,192,255],[220,220,221,255],[221,220,219,255],[221,220,219,255],[221,220,219,255],[221,220,219,255],[221,220,219,255],[220,220,221,255],[221,220,219,255],[220,220,221,255],[220,220,221,255],[221,220,219,255],[221,220,219,255],[220,220,221,255]],[[220,220,221,255],[221,220,219,255],[220,220,221,255],[220,220,221,255],[221,220,219,255],[179,3,38,255],[221,220,219,255],[58,76,192,255],[221,220,219,255],[221,220,219,255],[220,220,221,255],[220,220,221,255],[220,220,221,255],[220,220,221,255],[220,220,221,255],[221,220,219,255],[220,220,221,255],[221,220,219,255],[220,220,221,255],[220,220,221,255]],[[220,220,221,255],[221,220,219,255],[221,220,219,255],[220,220,221,255],[58,76,192,255],[221,220,219,255],[191,40,46,255],[220,220,221,255],[220,220,221,255],[220,220,221,255],[220,220,221,255],[220,220,221,255],[220,220,221,255],[221,220,219,255],[220,220,221,255],[221,220,219,255],[221,220,219,255],[220,220,221,255],[220,220,221,255],[221,220,219,255]],[[220,220,221,255],[220,220,221,255],[220,220,221,255],[221,220,219,255],[220,220,221,255],[58,76,192,255],[220,220,221,255],[191,40,46,255],[220,220,221,255],[220,220,221,255],[221,220,219,255],[221,220,219,255],[221,220,219,255],[221,220,219,255],[221,220,219,255],[220,220,221,255],[221,220,219,255],[220,220,221,255],[221,220,219,255],[221,220,219,255]],[[220,220,221,255],[220,220,221,255],[220,220,221,255],[221,220,219,255],[221,220,219,255],[221,220,219,255],[220,220,221,255],[220,220,221,255],[221,220,219,255],[221,220,219,255],[220,220,221,255],[220,220,221,255],[220,220,221,255],[220,220,221,255],[220,220,221,255],[221,220,219,255],[220,220,221,255],[221,220,219,255],[221,220,219,255],[221,220,219,255]],[[220,220,221,255],[221,220,219,255],[220,220,221,255],[221,220,219,255],[221,220,219,255],[221,220,219,255],[220,220,221,255],[220,220,221,255],[221,220,219,255],[221,220,219,255],[221,220,219,255],[220,220,221,255],[220,220,221,255],[220,220,221,255],[221,220,219,255],[221,220,219,255],[220,220,221,255],[221,220,219,255],[221,220,219,255],[221,220,219,255]],[[220,220,221,255],[220,220,221,255],[220,220,221,255],[221,220,219,255],[221,220,219,255],[220,220,221,255],[220,220,221,255],[221,220,219,255],[220,220,221,255],[221,220,219,255],[221,220,219,255],[221,220,219,255],[221,220,219,255],[220,220,221,255],[221,220,219,255],[220,220,221,255],[221,220,219,255],[221,220,219,255],[221,220,219,255],[220,220,221,255]],[[221,220,219,255],[220,220,221,255],[221,220,219,255],[220,220,221,255],[221,220,219,255],[220,220,221,255],[220,220,221,255],[221,220,219,255],[220,220,221,255],[220,220,221,255],[221,220,219,255],[221,220,219,255],[221,220,219,255],[221,220,219,255],[221,220,219,255],[220,220,221,255],[221,220,219,255],[220,220,221,255],[220,220,221,255],[220,220,221,255]],[[221,220,219,255],[220,220,221,255],[221,220,219,255],[220,220,221,255],[221,220,219,255],[220,220,221,255],[220,220,221,255],[221,220,219,255],[220,220,221,255],[220,220,221,255],[221,220,219,255],[221,220,219,255],[221,220,219,255],[220,220,221,255],[221,220,219,255],[220,220,221,255],[221,220,219,255],[221,220,219,255],[221,220,219,255],[220,220,221,255]],[[220,220,221,255],[221,220,219,255],[221,220,219,255],[220,220,221,255],[220,220,221,255],[220,220,221,255],[221,220,219,255],[221,220,219,255],[220,220,221,255],[220,220,221,255],[220,220,221,255],[221,220,219,255],[220,220,221,255],[221,220,219,255],[220,220,221,255],[221,220,219,255],[221,220,219,255],[220,220,221,255],[220,220,221,255],[221,220,219,255]],[[220,220,221,255],[221,220,219,255],[220,220,221,255],[221,220,219,255],[221,220,219,255],[220,220,221,255],[220,220,221,255],[221,220,219,255],[220,220,221,255],[221,220,219,255],[221,220,219,255],[221,220,219,255],[221,220,219,255],[220,220,221,255],[221,220,219,255],[220,220,221,255],[220,220,221,255],[221,220,219,255],[221,220,219,255],[220,220,221,255]],[[220,220,221,255],[221,220,219,255],[220,220,221,255],[221,220,219,255],[220,220,221,255],[221,220,219,255],[221,220,219,255],[220,220,221,255],[221,220,219,255],[221,220,219,255],[220,220,221,255],[220,220,221,255],[220,220,221,255],[221,220,219,255],[220,220,221,255],[221,220,219,255],[220,220,221,255],[220,220,221,255],[221,220,219,255],[221,220,219,255]],[[221,220,219,255],[220,220,221,255],[221,220,219,255],[220,220,221,255],[220,220,221,255],[220,220,221,255],[221,220,219,255],[221,220,219,255],[220,220,221,255],[220,220,221,255],[221,220,219,255],[221,220,219,255],[221,220,219,255],[221,220,219,255],[220,220,221,255],[220,220,221,255],[221,220,219,255],[220,220,221,255],[220,220,221,255],[220,220,221,255]],[[220,220,221,255],[220,220,221,255],[220,220,221,255],[221,220,219,255],[221,220,219,255],[221,220,219,255],[220,220,221,255],[220,220,221,255],[221,220,219,255],[221,220,219,255],[221,220,219,255],[220,220,221,255],[221,220,219,255],[220,220,221,255],[221,220,219,255],[220,220,221,255],[220,220,221,255],[221,220,219,255],[221,220,219,255],[220,220,221,255]],[[220,220,221,255],[221,220,219,255],[220,220,221,255],[221,220,219,255],[221,220,219,255],[220,220,221,255],[220,220,221,255],[221,220,219,255],[221,220,219,255],[221,220,219,255],[221,220,219,255],[220,220,221,255],[221,220,219,255],[220,220,221,255],[221,220,219,255],[221,220,219,255],[220,220,221,255],[221,220,219,255],[221,220,219,255],[221,220,219,255]],[[220,220,221,255],[221,220,219,255],[220,220,221,255],[221,220,219,255],[220,220,221,255],[220,220,221,255],[221,220,219,255],[221,220,219,255],[221,220,219,255],[221,220,219,255],[220,220,221,255],[220,220,221,255],[220,220,221,255],[221,220,219,255],[220,220,221,255],[221,220,219,255],[220,220,221,255],[220,220,221,255],[221,220,219,255],[221,220,219,255]]],"type":"image","xaxis":"x4","yaxis":"y4"},{"marker":{"cmax":1,"cmin":0,"color":[0.9923887,0.8809723,0.9846528,1.009442,0.85557944,0.99967504,1.0124329,1.0091017,1.014618,1.3331206,1.3800871,1.0167282,1.378623,1.3456217,1.402883,1.4029737,1.3409919,1.3919029,1.3442835,1.3427792]},"width":0.9,"x":[0,1,2,3,4,5,6,7,8,9,10,11,12,13,14,15,16,17,18,19],"y":[1.0094358,1.014592,1.012443,0.9923786,1.0167248,1.0090916,0.98464674,0.99967486,0.88093805,0.00312452,0.002558954,0.85556537,0.0042271344,0.002021291,0.002358806,0.002805384,0.0032544513,0.0058520376,0.0047146054,0.0041875695],"type":"bar","xaxis":"x5","yaxis":"y5"},{"colormodel":"rgba256","customdata":[[1.0189604,0.0024166603,-0.0013430701,-1.0017405,-0.00082326814,0.0006215676,-0.0017058186,-0.002002956,-0.00063964725,-0.00008598613,0.0002441551,-0.0007953569,0.0017649719,-0.000527014,-0.0020171816,-0.0022562682,0.00081641506,0.003190962,-0.0020665692,-0.000016896289],[0.0024166603,1.029397,-0.0010562383,-0.0015045413,-0.00056396145,0.0006099467,-0.0016007517,-0.0041816607,-0.8937913,-0.0006346385,-0.0015942896,0.0007721776,-0.002934961,0.0018456721,0.000125387,0.00045034866,0.0023555,0.0032243906,0.0012621577,-0.004146001],[-0.0013430701,-0.0010562383,1.0250406,0.0019871432,-0.0015879843,0.0049627274,-0.99688095,-0.0030938426,0.0009851075,0.0008303064,-0.0015571202,0.000750177,-0.0024116018,-0.0004975904,0.00080778124,-0.00081775594,-0.0005792915,-0.0033184236,-0.0002335416,0.0004992655],[-1.0017405,-0.0015045413,0.0019871432,0.9848153,0.0011294122,0.0010410394,0.0010334973,0.00033001363,-0.0001287134,0.00008627573,-0.00024046305,0.0005099507,-0.0017406306,0.00051946874,0.0019823716,0.0022157887,-0.00080193614,-0.0031395792,0.0020317927,0.000014639255],[-0.00082326814,-0.00056396145,-0.0015879843,0.0011294122,1.0337293,-0.002085459,0.0019248604,0.00034844043,0.0005400751,0.002953041,-0.00032285642,-0.8698716,-0.00007468029,-0.000488484,-0.0006646075,-0.00076943246,-0.0020852003,-0.00023119707,-0.0041068797,0.00039724266],[0.0006215676,0.0006099467,0.0049627274,0.0010410394,-0.002085459,1.0182658,-0.00046938926,-1.0087532,-0.001226281,0.00050431147,0.0012472299,0.00021196903,-0.00087824545,0.00016794786,-0.0007050839,-0.0012140311,-0.00017380762,-0.0018872326,0.00031918197,0.0006735776],[-0.0017058186,-0.0016007517,-0.99688095,0.0010334973,0.0019248604,-0.00046938926,0.9695293,-0.0012949399,0.0013164533,-0.00080238614,0.0015229484,-0.0010526932,0.0023438942,0.00048132357,-0.0007832437,0.00079533923,0.00055345776,0.0032015424,0.00022985227,-0.00047191465],[-0.002002956,-0.0041816607,-0.0030938426,0.00033001363,0.00034844043,-1.0087532,-0.0012949399,0.99934983,0.004319059,-0.0005007231,-0.0012326055,0.0012352469,0.0008737056,-0.00017214353,0.00070333,0.0012040194,0.00016534491,0.0018486225,-0.00031137874,-0.0006526533],[-0.00063964725,-0.8937913,0.0009851075,-0.0001287134,0.0005400751,-0.001226281,0.0013164533,0.004319059,0.7760519,0.00055077166,0.0013836409,-0.00071399636,0.0025512907,-0.0016034704,-0.00011124963,-0.00039351906,-0.0020440638,-0.0027940264,-0.0010992876,0.0035994155],[-0.00008598613,-0.0006346385,0.0008303064,0.00008627573,0.002953041,0.00050431147,-0.00080238614,-0.0005007231,0.00055077166,0.000009762626,-6.0584387e-7,-0.0024862583,-9.452375e-7,-0.000002808051,-0.0000015112221,-0.0000035634243,-0.000008029088,-0.0000065274994,-0.00001238055,0.0000044236704],[0.0002441551,-0.0015942896,-0.0015571202,-0.00024046305,-0.00032285642,0.0012472299,0.0015229484,-0.0012326055,0.0013836409,-6.0584387e-7,0.000006548247,0.00026985398,0.000007601583,-0.0000018711986,-0.000002573648,-0.0000012479239,-0.0000021364924,-0.0000014238253,-4.204233e-7,0.0000063732587],[-0.0007953569,0.0007721776,0.000750177,0.0005099507,-0.8698716,0.00021196903,-0.0010526932,0.0012352469,-0.00071399636,-0.0024862583,0.00026985398,0.7319921,0.000062097955,0.0004123944,0.0005628554,0.000653199,0.0017547706,0.00019556486,0.0034589516,-0.00033676758],[0.0017649719,-0.002934961,-0.0024116018,-0.0017406306,-0.00007468029,-0.00087824545,0.0023438942,0.0008737056,0.0025512907,-9.452375e-7,0.000007601583,0.000062097955,0.000017868666,-0.0000051242896,-0.0000051070074,-0.0000021905885,-0.0000036416438,0.000005747054,-0.0000065978325,0.000010039747],[-0.000527014,0.0018456721,-0.0004975904,0.00051946874,-0.000488484,0.00016794786,0.00048132357,-0.00017214353,-0.0016034704,-0.000002808051,-0.0000018711986,0.0004123944,-0.0000051242896,0.0000040856175,0.0000010837929,0.0000025464426,0.0000050352396,0.000005523705,0.000005449805,-0.000007745011],[-0.0020171816,0.000125387,0.00080778124,0.0019823716,-0.0006646075,-0.0007050839,-0.0007832437,0.00070333,-0.00011124963,-0.0000015112221,-0.000002573648,0.0005628554,-0.0000051070074,0.0000010837929,0.0000055639657,0.0000052196724,-3.0702606e-7,-0.0000070557603,0.0000064915216,-8.262259e-7],[-0.0022562682,0.00045034866,-0.00081775594,0.0022157887,-0.00076943246,-0.0012140311,0.00079533923,0.0012040194,-0.00039351906,-0.0000035634243,-0.0000012479239,0.000653199,-0.0000021905885,0.0000025464426,0.0000052196724,0.0000078701805,0.0000014624646,-5.8917755e-7,0.000008022496,-0.0000032915013],[0.00081641506,0.0023555,-0.0005792915,-0.00080193614,-0.0020852003,-0.00017380762,0.00055345776,0.00016534491,-0.0020440638,-0.000008029088,-0.0000021364924,0.0017547706,-0.0000036416438,0.0000050352396,-3.0702606e-7,0.0000014624646,0.000010591453,0.000012565331,0.000009601603,-0.000010685937],[0.003190962,0.0032243906,-0.0033184236,-0.0031395792,-0.00023119707,-0.0018872326,0.0032015424,0.0018486225,-0.0027940264,-0.0000065274994,-0.0000014238253,0.00019556486,0.000005747054,0.000005523705,-0.0000070557603,-5.8917755e-7,0.000012565331,0.00003424635,-0.0000014068883,-0.000015938891],[-0.0020665692,0.0012621577,-0.0002335416,0.0020317927,-0.0041068797,0.00031918197,0.00022985227,-0.00031137874,-0.0010992876,-0.00001238055,-4.204233e-7,0.0034589516,-0.0000065978325,0.000005449805,0.0000064915216,0.000008022496,0.000009601603,-0.0000014068883,0.000022227507,-0.0000065480676],[-0.000016896289,-0.004146001,0.0004992655,0.000014639255,0.00039724266,0.0006735776,-0.00047191465,-0.0006526533,0.0035994155,0.0000044236704,0.0000063732587,-0.00033676758,0.000010039747,-0.000007745011,-8.262259e-7,-0.0000032915013,-0.000010685937,-0.000015938891,-0.0000065480676,0.00001753574]],"hovertemplate":"In: %{x}\u003cbr\u003e\nOut: %{y}\u003cbr\u003e\nWeight: %{customdata:0.2f}\n","z":[[[179,3,38,255],[221,220,219,255],[220,220,221,255],[58,76,192,255],[220,220,221,255],[221,220,219,255],[220,220,221,255],[220,220,221,255],[220,220,221,255],[220,220,221,255],[221,220,219,255],[220,220,221,255],[221,220,219,255],[220,220,221,255],[220,220,221,255],[220,220,221,255],[221,220,219,255],[221,220,219,255],[220,220,221,255],[220,220,221,255]],[[221,220,219,255],[179,3,38,255],[220,220,221,255],[220,220,221,255],[220,220,221,255],[221,220,219,255],[220,220,221,255],[220,220,221,255],[73,98,211,255],[220,220,221,255],[220,220,221,255],[221,220,219,255],[220,220,221,255],[221,220,219,255],[221,220,219,255],[221,220,219,255],[221,220,219,255],[221,220,219,255],[221,220,219,255],[220,220,221,255]],[[220,220,221,255],[220,220,221,255],[179,3,38,255],[221,220,219,255],[220,220,221,255],[221,220,219,255],[58,76,192,255],[220,220,221,255],[221,220,219,255],[221,220,219,255],[220,220,221,255],[221,220,219,255],[220,220,221,255],[220,220,221,255],[221,220,219,255],[220,220,221,255],[220,220,221,255],[220,220,221,255],[220,220,221,255],[221,220,219,255]],[[58,76,192,255],[220,220,221,255],[221,220,219,255],[181,8,39,255],[221,220,219,255],[221,220,219,255],[221,220,219,255],[221,220,219,255],[220,220,221,255],[221,220,219,255],[220,220,221,255],[221,220,219,255],[220,220,221,255],[221,220,219,255],[221,220,219,255],[221,220,219,255],[220,220,221,255],[220,220,221,255],[221,220,219,255],[221,220,219,255]],[[220,220,221,255],[220,220,221,255],[220,220,221,255],[221,220,219,255],[179,3,38,255],[220,220,221,255],[221,220,219,255],[221,220,219,255],[221,220,219,255],[221,220,219,255],[220,220,221,255],[77,103,215,255],[220,220,221,255],[220,220,221,255],[220,220,221,255],[220,220,221,255],[220,220,221,255],[220,220,221,255],[220,220,221,255],[221,220,219,255]],[[221,220,219,255],[221,220,219,255],[221,220,219,255],[221,220,219,255],[220,220,221,255],[179,3,38,255],[220,220,221,255],[58,76,192,255],[220,220,221,255],[221,220,219,255],[221,220,219,255],[221,220,219,255],[220,220,221,255],[221,220,219,255],[220,220,221,255],[220,220,221,255],[220,220,221,255],[220,220,221,255],[221,220,219,255],[221,220,219,255]],[[220,220,221,255],[220,220,221,255],[58,76,192,255],[221,220,219,255],[221,220,219,255],[220,220,221,255],[184,17,41,255],[220,220,221,255],[221,220,219,255],[220,220,221,255],[221,220,219,255],[220,220,221,255],[221,220,219,255],[221,220,219,255],[220,220,221,255],[221,220,219,255],[221,220,219,255],[221,220,219,255],[221,220,219,255],[220,220,221,255]],[[220,220,221,255],[220,220,221,255],[220,220,221,255],[221,220,219,255],[221,220,219,255],[58,76,192,255],[220,220,221,255],[179,3,38,255],[221,220,219,255],[220,220,221,255],[220,220,221,255],[221,220,219,255],[221,220,219,255],[220,220,221,255],[221,220,219,255],[221,220,219,255],[221,220,219,255],[221,220,219,255],[220,220,221,255],[220,220,221,255]],[[220,220,221,255],[73,98,211,255],[221,220,219,255],[220,220,221,255],[221,220,219,255],[220,220,221,255],[221,220,219,255],[221,220,219,255],[217,88,71,255],[221,220,219,255],[221,220,219,255],[220,220,221,255],[221,220,219,255],[220,220,221,255],[220,220,221,255],[220,220,221,255],[220,220,221,255],[220,220,221,255],[220,220,221,255],[221,220,219,255]],[[220,220,221,255],[220,220,221,255],[221,220,219,255],[221,220,219,255],[221,220,219,255],[221,220,219,255],[220,220,221,255],[220,220,221,255],[221,220,219,255],[221,220,219,255],[220,220,221,255],[220,220,221,255],[220,220,221,255],[220,220,221,255],[220,220,221,255],[220,220,221,255],[220,220,221,255],[220,220,221,255],[220,220,221,255],[221,220,219,255]],[[221,220,219,255],[220,220,221,255],[220,220,221,255],[220,220,221,255],[220,220,221,255],[221,220,219,255],[221,220,219,255],[220,220,221,255],[221,220,219,255],[220,220,221,255],[221,220,219,255],[221,220,219,255],[221,220,219,255],[220,220,221,255],[220,220,221,255],[220,220,221,255],[220,220,221,255],[220,220,221,255],[220,220,221,255],[221,220,219,255]],[[220,220,221,255],[221,220,219,255],[221,220,219,255],[221,220,219,255],[77,103,215,255],[221,220,219,255],[220,220,221,255],[221,220,219,255],[220,220,221,255],[220,220,221,255],[221,220,219,255],[223,100,79,255],[221,220,219,255],[221,220,219,255],[221,220,219,255],[221,220,219,255],[221,220,219,255],[221,220,219,255],[221,220,219,255],[220,220,221,255]],[[221,220,219,255],[220,220,221,255],[220,220,221,255],[220,220,221,255],[220,220,221,255],[220,220,221,255],[221,220,219,255],[221,220,219,255],[221,220,219,255],[220,220,221,255],[221,220,219,255],[221,220,219,255],[221,220,219,255],[220,220,221,255],[220,220,221,255],[220,220,221,255],[220,220,221,255],[221,220,219,255],[220,220,221,255],[221,220,219,255]],[[220,220,221,255],[221,220,219,255],[220,220,221,255],[221,220,219,255],[220,220,221,255],[221,220,219,255],[221,220,219,255],[220,220,221,255],[220,220,221,255],[220,220,221,255],[220,220,221,255],[221,220,219,255],[220,220,221,255],[221,220,219,255],[221,220,219,255],[221,220,219,255],[221,220,219,255],[221,220,219,255],[221,220,219,255],[220,220,221,255]],[[220,220,221,255],[221,220,219,255],[221,220,219,255],[221,220,219,255],[220,220,221,255],[220,220,221,255],[220,220,221,255],[221,220,219,255],[220,220,221,255],[220,220,221,255],[220,220,221,255],[221,220,219,255],[220,220,221,255],[221,220,219,255],[221,220,219,255],[221,220,219,255],[220,220,221,255],[220,220,221,255],[221,220,219,255],[220,220,221,255]],[[220,220,221,255],[221,220,219,255],[220,220,221,255],[221,220,219,255],[220,220,2