<div>                        <script type="text/javascript">window.PlotlyConfig = {MathJaxConfig: 'local'};</script>
        <script charset="utf-8" src="https://cdn.plot.ly/plotly-2.35.2.min.js"></script>                <div id="29cd9a82-e1df-4572-9e43-446d245069cf" class="plotly-graph-div" style="height:700px; width:600px;"></div>            <script type="text/javascript">                                    window.PLOTLYENV=window.PLOTLYENV || {};                                    if (document.getElementById("29cd9a82-e1df-4572-9e43-446d245069cf")) {                    Plotly.newPlot(                        "29cd9a82-e1df-4572-9e43-446d245069cf",                        [{"marker":{"cmax":1,"cmin":0,"color":[0.0044335686,0.0027224678,0.0021485474,0.0040907995,0.005485661,0.99761665,0.99547255,0.99654967,0.99721164,0.996656,0.9967921,0.99569917,0.99341565,0.97907853,0.9902424,0.9890513,0.9718784,0.9754177,0.96580833,0.97389805]},"width":0.9,"x":[0,1,2,3,4,5,6,7,8,9,10,11,12,13,14,15,16,17,18,19],"y":[0.9999597,0.99992186,1.0000812,0.9999409,0.99997175,0.0043050023,0.0022695076,0.003073443,0.0037496334,0.0029858071,0.0032987418,0.0024823972,0.0015034634,0.00046675993,0.0010125492,0.00090086274,0.0003464396,0.00039560237,0.00028288324,0.00037534581],"type":"bar","xaxis":"x","yaxis":"y"},{"colormodel":"rgba256","customdata":[[0.9999194,-0.00026078915,-0.00018960124,-0.00027386143,-0.00015357939,0.0032888118,0.00014938238,0.0014183687,-0.0018744884,-0.00037945656,-0.0010077296,-0.001336209,0.00022600756,0.00012898709,0.0000528199,0.00012233289,0.00008748187,0.000008024504,0.00017626282,-0.00013964626],[-0.00026078915,0.99984366,0.000013058625,-0.00021721589,-0.000027155706,0.0013478637,0.0010790873,0.0007006755,-0.00032987865,-0.0002465429,-0.0013373157,-0.001165194,-0.0006447208,-0.00016641078,-0.00015530543,0.0001060571,0.00008285511,-0.000016807186,0.00013131693,-0.000061613275],[-0.00018960124,0.000013058625,1.0001625,0.00007707357,0.0001635154,0.0008727779,-0.0013539239,0.0008917863,-0.0003230656,-0.000251573,-0.00068462495,-0.00040331326,0.0002747749,0.00031264898,-0.00025482045,-0.000045677367,0.00026271876,-0.00019770254,0.00010362369,-0.0000042591337],[-0.00027386143,-0.00021721589,0.00007707357,0.9998817,-0.000017082164,-0.00014430318,0.0013593581,0.0023101878,-0.0007771754,0.0008831321,-0.0019880647,-0.0016391664,0.00090556045,0.0002079991,-0.00051815313,-0.00036353682,0.00013287854,-0.00022965504,-0.00007918715,-0.00018742912],[-0.00015357939,-0.000027155706,0.0001635154,-0.000017082164,0.9999435,-0.0022616114,0.00053051143,0.0008982758,-0.0031184803,0.002804768,-0.0019110924,-0.0004072883,0.00094771467,0.00018039237,-0.0008154372,-0.0008069174,-0.00013713614,-0.00025366296,-0.00012121034,-0.00028703612],[0.0032888118,0.0013478637,0.0008727779,-0.00014430318,-0.0022616114,0.000018533046,-6.303374e-7,0.000004027282,2.7050018e-7,-0.00000826947,-0.0000011101554,-0.000005163259,-0.0000021589951,3.522184e-8,0.0000016598372,0.000002382313,9.2009975e-7,4.375197e-7,0.0000011328573,1.2978069e-7],[0.00014938238,0.0010790873,-0.0013539239,0.0013593581,0.00053051143,-6.303374e-7,0.000005150665,0.0000033801498,-0.0000029119838,0.0000027074127,-0.0000043859927,-0.0000033575132,7.0036674e-7,-2.0499996e-7,-9.522641e-7,-7.2804147e-7,-1.4522111e-7,-1.9624068e-7,-1.4413467e-7,-4.889381e-7],[0.0014183687,0.0007006755,0.0008917863,0.0023101878,0.0008982758,0.000004027282,0.0000033801498,0.000009446051,-0.000007778373,0.0000036248705,-0.000009290679,-0.0000072280172,0.0000030576282,9.878459e-7,-0.0000021912424,-0.0000013577392,6.0042504e-7,-9.3529485e-7,1.428536e-7,-9.3630103e-7],[-0.0018744884,-0.00032987865,-0.0003230656,-0.0007771754,-0.0031184803,2.7050018e-7,-0.0000029119838,-0.000007778373,0.000014059751,-0.000008560409,0.000010060188,0.0000055668866,-0.0000039596384,-0.0000010122338,0.0000029808868,0.000002549736,4.8079944e-8,0.0000010241224,3.2193988e-8,0.0000013246906],[-0.00037945656,-0.0002465429,-0.000251573,0.0008831321,0.002804768,-0.00000826947,0.0000027074127,0.0000036248705,-0.000008560409,0.0000089150435,-0.000006232215,-0.0000016949085,0.0000034619509,6.0298055e-7,-0.0000026623384,-0.0000026453652,-3.8710843e-7,-8.6337593e-7,-5.3519364e-7,-9.014685e-7],[-0.0010077296,-0.0013373157,-0.00068462495,-0.0019880647,-0.0019110924,-0.0000011101554,-0.0000043859927,-0.000009290679,0.000010060188,-0.000006232215,0.000010881697,0.000007222204,-0.0000031656725,-8.7984904e-7,0.0000029179744,0.000002031163,-3.8108507e-7,0.0000010912454,-3.534782e-8,0.000001147674],[-0.001336209,-0.001165194,-0.00040331326,-0.0016391664,-0.0004072883,-0.000005163259,-0.0000033575132,-0.0000072280172,0.0000055668866,-0.0000016949085,0.000007222204,0.0000061622964,-0.0000015325161,-5.191434e-7,0.0000013952831,6.561765e-7,-4.8158097e-7,5.6859466e-7,-2.5136004e-7,6.846461e-7],[0.00022600756,-0.0006447208,0.0002747749,0.00090556045,0.00094771467,-0.0000021589951,7.0036674e-7,0.0000030576282,-0.0000039596384,0.0000034619509,-0.0000031656725,-0.0000015325161,0.000002260402,5.816178e-7,-0.0000011999753,-0.0000011471892,2.8886072e-8,-4.900143e-7,-2.0288853e-7,-4.3483246e-7],[0.00012898709,-0.00016641078,0.00031264898,0.0002079991,0.00018039237,3.522184e-8,-2.0499996e-7,9.878459e-7,-0.0000010122338,6.0298055e-7,-8.7984904e-7,-5.191434e-7,5.816178e-7,2.1786482e-7,-3.0185396e-7,-2.3728849e-7,8.253434e-8,-1.5148773e-7,-5.0335234e-9,-9.986797e-8],[0.0000528199,-0.00015530543,-0.00025482045,-0.00051815313,-0.0008154372,0.0000016598372,-9.522641e-7,-0.0000021912424,0.0000029808868,-0.0000026623384,0.0000029179744,0.0000013952831,-0.0000011999753,-3.0185396e-7,0.0000010252559,8.479544e-7,-3.221038e-8,3.7922985e-7,1.0233091e-7,3.3452866e-7],[0.00012233289,0.0001060571,-0.000045677367,-0.00036353682,-0.0008069174,0.000002382313,-7.2804147e-7,-0.0000013577392,0.000002549736,-0.0000026453652,0.000002031163,6.561765e-7,-0.0000011471892,-2.3728849e-7,8.479544e-7,8.1155366e-7,6.987217e-8,2.9636973e-7,1.5733173e-7,2.76364e-7],[0.00008748187,0.00008285511,0.00026271876,0.00013287854,-0.00013713614,9.2009975e-7,-1.4522111e-7,6.0042504e-7,4.8079944e-8,-3.8710843e-7,-3.8108507e-7,-4.8158097e-7,2.8886072e-8,8.253434e-8,-3.221038e-8,6.987217e-8,1.200204e-7,-4.835761e-8,5.964774e-8,-3.9964974e-9],[0.000008024504,-0.000016807186,-0.00019770254,-0.00022965504,-0.00025366296,4.375197e-7,-1.9624068e-7,-9.3529485e-7,0.0000010241224,-8.6337593e-7,0.0000010912454,5.6859466e-7,-4.900143e-7,-1.5148773e-7,3.7922985e-7,2.9636973e-7,-4.835761e-8,1.5650123e-7,2.7629824e-8,1.1663351e-7],[0.00017626282,0.00013131693,0.00010362369,-0.00007918715,-0.00012121034,0.0000011328573,-1.4413467e-7,1.428536e-7,3.2193988e-8,-5.3519364e-7,-3.534782e-8,-2.5136004e-7,-2.0288853e-7,-5.0335234e-9,1.0233091e-7,1.5733173e-7,5.964774e-8,2.7629824e-8,8.002293e-8,1.6467915e-8],[-0.00013964626,-0.000061613275,-0.0000042591337,-0.00018742912,-0.00028703612,1.2978069e-7,-4.889381e-7,-9.3630103e-7,0.0000013246906,-9.014685e-7,0.000001147674,6.846461e-7,-4.3483246e-7,-9.986797e-8,3.3452866e-7,2.76364e-7,-3.9964974e-9,1.1663351e-7,1.6467915e-8,1.4088448e-7]],"hovertemplate":"In: %{x}\u003cbr\u003e\nOut: %{y}\u003cbr\u003e\nWeight: %{customdata:0.2f}\n","z":[[[179,3,38,255],[220,220,221,255],[220,220,221,255],[220,220,221,255],[220,220,221,255],[221,220,219,255],[221,220,219,255],[221,220,219,255],[220,220,221,255],[220,220,221,255],[220,220,221,255],[220,220,221,255],[221,220,219,255],[221,220,219,255],[221,220,219,255],[221,220,219,255],[221,220,219,255],[221,220,219,255],[221,220,219,255],[220,220,221,255]],[[220,220,221,255],[179,3,38,255],[221,220,219,255],[220,220,221,255],[220,220,221,255],[221,220,219,255],[221,220,219,255],[221,220,219,255],[220,220,221,255],[220,220,221,255],[220,220,221,255],[220,220,221,255],[220,220,221,255],[220,220,221,255],[220,220,221,255],[221,220,219,255],[221,220,219,255],[220,220,221,255],[221,220,219,255],[220,220,221,255]],[[220,220,221,255],[221,220,219,255],[179,3,38,255],[221,220,219,255],[221,220,219,255],[221,220,219,255],[220,220,221,255],[221,220,219,255],[220,220,221,255],[220,220,221,255],[220,220,221,255],[220,220,221,255],[221,220,219,255],[221,220,219,255],[220,220,221,255],[220,220,221,255],[221,220,219,255],[220,220,221,255],[221,220,219,255],[220,220,221,255]],[[220,220,221,255],[220,220,221,255],[221,220,219,255],[179,3,38,255],[220,220,221,255],[220,220,221,255],[221,220,219,255],[221,220,219,255],[220,220,221,255],[221,220,219,255],[220,220,221,255],[220,220,221,255],[221,220,219,255],[221,220,219,255],[220,220,221,255],[220,220,221,255],[221,220,219,255],[220,220,221,255],[220,220,221,255],[220,220,221,255]],[[220,220,221,255],[220,220,221,255],[221,220,219,255],[220,220,221,255],[179,3,38,255],[220,220,221,255],[221,220,219,255],[221,220,219,255],[220,220,221,255],[221,220,219,255],[220,220,221,255],[220,220,221,255],[221,220,219,255],[221,220,219,255],[220,220,221,255],[220,220,221,255],[220,220,221,255],[220,220,221,255],[220,220,221,255],[220,220,221,255]],[[221,220,219,255],[221,220,219,255],[221,220,219,255],[220,220,221,255],[220,220,221,255],[221,220,219,255],[220,220,221,255],[221,220,219,255],[221,220,219,255],[220,220,221,255],[220,220,221,255],[220,220,221,255],[220,220,221,255],[221,220,219,255],[221,220,219,255],[221,220,219,255],[221,220,219,255],[221,220,219,255],[221,220,219,255],[221,220,219,255]],[[221,220,219,255],[221,220,219,255],[220,220,221,255],[221,220,219,255],[221,220,219,255],[220,220,221,255],[221,220,219,255],[221,220,219,255],[220,220,221,255],[221,220,219,255],[220,220,221,255],[220,220,221,255],[221,220,219,255],[220,220,221,255],[220,220,221,255],[220,220,221,255],[220,220,221,255],[220,220,221,255],[220,220,221,255],[220,220,221,255]],[[221,220,219,255],[221,220,219,255],[221,220,219,255],[221,220,219,255],[221,220,219,255],[221,220,219,255],[221,220,219,255],[221,220,219,255],[220,220,221,255],[221,220,219,255],[220,220,221,255],[220,220,221,255],[221,220,219,255],[221,220,219,255],[220,220,221,255],[220,220,221,255],[221,220,219,255],[220,220,221,255],[221,220,219,255],[220,220,221,255]],[[220,220,221,255],[220,220,221,255],[220,220,221,255],[220,220,221,255],[220,220,221,255],[221,220,219,255],[220,220,221,255],[220,220,221,255],[221,220,219,255],[220,220,221,255],[221,220,219,255],[221,220,219,255],[220,220,221,255],[220,220,221,255],[221,220,219,255],[221,220,219,255],[221,220,219,255],[221,220,219,255],[221,220,219,255],[221,220,219,255]],[[220,220,221,255],[220,220,221,255],[220,220,221,255],[221,220,219,255],[221,220,219,255],[220,220,221,255],[221,220,219,255],[221,220,219,255],[220,220,221,255],[221,220,219,255],[220,220,221,255],[220,220,221,255],[221,220,219,255],[221,220,219,255],[220,220,221,255],[220,220,221,255],[220,220,221,255],[220,220,221,255],[220,220,221,255],[220,220,221,255]],[[220,220,221,255],[220,220,221,255],[220,220,221,255],[220,220,221,255],[220,220,221,255],[220,220,221,255],[220,220,221,255],[220,220,221,255],[221,220,219,255],[220,220,221,255],[221,220,219,255],[221,220,219,255],[220,220,221,255],[220,220,221,255],[221,220,219,255],[221,220,219,255],[220,220,221,255],[221,220,219,255],[220,220,221,255],[221,220,219,255]],[[220,220,221,255],[220,220,221,255],[220,220,221,255],[220,220,221,255],[220,220,221,255],[220,220,221,255],[220,220,221,255],[220,220,221,255],[221,220,219,255],[220,220,221,255],[221,220,219,255],[221,220,219,255],[220,220,221,255],[220,220,221,255],[221,220,219,255],[221,220,219,255],[220,220,221,255],[221,220,219,255],[220,220,221,255],[221,220,219,255]],[[221,220,219,255],[220,220,221,255],[221,220,219,255],[221,220,219,255],[221,220,219,255],[220,220,221,255],[221,220,219,255],[221,220,219,255],[220,220,221,255],[221,220,219,255],[220,220,221,255],[220,220,221,255],[221,220,219,255],[221,220,219,255],[220,220,221,255],[220,220,221,255],[221,220,219,255],[220,220,221,255],[220,220,221,255],[220,220,221,255]],[[221,220,219,255],[220,220,221,255],[221,220,219,255],[221,220,219,255],[221,220,219,255],[221,220,219,255],[220,220,221,255],[221,220,219,255],[220,220,221,255],[221,220,219,255],[220,220,221,255],[220,220,221,255],[221,220,219,255],[221,220,219,255],[220,220,221,255],[220,220,221,255],[221,220,219,255],[220,220,221,255],[221,220,219,255],[220,220,221,255]],[[221,220,219,255],[220,220,221,255],[220,220,221,255],[220,220,221,255],[220,220,221,255],[221,220,219,255],[220,220,221,255],[220,220,221,255],[221,220,219,255],[220,220,221,255],[221,220,219,255],[221,220,219,255],[220,220,221,255],[220,220,221,255],[221,220,219,255],[221,220,219,255],[220,220,221,255],[221,220,219,255],[221,220,219,255],[221,220,219,255]],[[221,220,219,255],[221,220,219,255],[220,220,221,255],[220,220,221,255],[220,220,221,255],[221,220,219,255],[220,220,221,255],[220,220,221,255],[221,220,219,255],[220,220,221,255],[221,220,219,255],[221,220,219,255],[220,220,221,255],[220,220,221,255],[221,220,219,255],[221,220,219,255],[221,220,219,255],[221,220,219,255],[221,220,219,255],[221,220,219,255]],[[221,220,219,255],[221,220,219,255],[221,220,219,255],[221,220,219,255],[220,220,221,255],[221,220,219,255],[220,220,221,255],[221,220,219,255],[221,220,219,255],[220,220,221,255],[220,220,221,255],[220,220,221,255],[221,220,219,255],[221,220,219,255],[220,220,221,255],[221,220,219,255],[221,220,219,255],[220,220,221,255],[221,220,219,255],[221,220,219,255]],[[221,220,219,255],[220,220,221,255],[220,220,221,255],[220,220,221,255],[220,220,221,255],[221,220,219,255],[220,220,221,255],[220,220,221,255],[221,220,219,255],[220,220,221,255],[221,220,219,255],[221,220,219,255],[220,220,221,255],[220,220,221,255],[221,220,219,255],[221,220,219,255],[220,220,221,255],[221,220,219,255],[221,220,219,255],[221,220,219,255]],[[221,220,219,255],[221,220,219,255],[221,220,219,255],[220,220,221,255],[220,220,221,255],[221,220,219,255],[220,220,221,255],[221,220,219,255],[221,220,219,255],[220,220,221,255],[220,220,221,255],[220,220,221,255],[220,220,221,255],[221,220,219,255],[221,220,219,255],[221,220,219,255],[221,220,219,255],[221,220,219,255],[221,220,219,255],[221,220,219,255]],[[220,220,221,255],[220,220,221,255],[220,220,221,255],[220,220,221,255],[220,220,221,255],[221,220,219,255],[220,220,221,255],[220,220,221,255],[221,220,219,255],[220,220,221,255],[221,220,219,255],[221,220,219,255],[220,220,221,255],[220,220,221,255],[221,220,219,255],[221,220,219,255],[221,220,219,255],[221,220,219,255],[221,220,219,255],[221,220,219,255]]],"type":"image","xaxis":"x2","yaxis":"y2"},{"marker":{"cmax":1,"cmin":0,"color":[0.004573229,0.8024411,0.003437575,0.9178631,0.026338479,1.0413597,1.0350366,1.0033692,1.1712694,1.049554,1.3052701,1.29231,1.3424102,1.3077089,1.3203226,1.2875444,1.3215098,1.2766738,1.3142031,1.3561856]},"width":0.9,"x":[0,1,2,3,4,5,6,7,8,9,10,11,12,13,14,15,16,17,18,19],"y":[1.0010618,1.0413243,1.0006449,1.0350497,1.0030588,0.802398,0.91786563,0.026190126,0.0036441323,0.0023230587,0.0028595396,0.0011908195,0.0007475134,0.0016881521,0.0059404047,0.0011159083,0.004192787,0.0024487902,0.0048155617,0.0036191524],"type":"bar","xaxis":"x3","yaxis":"y3"},{"colormodel":"rgba256","customdata":[[1.0021247,0.00073934445,-0.00018155947,-0.0016886517,0.00040750857,0.0036865752,0.00035995975,0.00024234381,0.0014172036,0.000639753,-0.0003727611,-0.000025538135,-0.0000074717846,0.000016083744,0.00018411902,0.0002011769,-0.00018392103,0.0009003246,-0.0001357488,-0.0002966101],[0.00073934445,1.0843562,-0.00031458648,-0.00264962,0.00018026962,-0.83553845,-0.0032350111,0.0011303392,-0.0026778318,0.0008278791,0.0029122264,-0.0012027,0.0001711813,-0.0017226358,0.0057896813,0.00061604305,-0.0034505539,0.002220548,0.004864619,-0.0019796418],[-0.00018155947,-0.00031458648,1.0012902,-0.00059003074,0.00034675034,-0.0013991703,-0.001642375,0.0012282548,-0.0012019424,0.0015871123,-0.00012912761,-0.00013433848,-0.00018041558,0.00011573987,-0.00025419076,-0.00029579204,0.0008602456,0.00021031224,-0.00009826164,0.00027961683],[-0.0016886517,-0.00264962,-0.00059003074,1.0713278,-0.000589482,0.003778872,-0.950017,0.00050600007,-0.0004579077,0.00038575561,-0.00042081418,0.00015122246,0.00073093583,0.0003252004,-0.0021528224,0.0008397986,-0.0024854294,-0.0008078849,0.0011484105,-0.0031545658],[0.00040750857,0.00018026962,0.00034675034,-0.000589482,1.006127,-0.00220816,0.0005362913,-0.02621254,0.0017412017,-0.0013064059,0.00019806836,0.00021214136,-0.000010269172,0.00005840635,0.00010633206,-0.0003282805,0.00015901682,-0.0000054909306,-0.00028603198,-0.000010216129],[0.0036865752,-0.83553845,-0.0013991703,0.003778872,-0.00220816,0.6438426,0.0009508547,-0.0008172119,0.002067036,-0.0006344765,-0.0022464453,0.0009266467,-0.00013042825,0.0013276435,-0.0044636894,-0.00047130417,0.002652223,-0.001708836,-0.003746333,0.001518561],[0.00035995975,-0.0032350111,-0.001642375,-0.950017,0.0005362913,0.0009508547,0.84247726,-0.00045787418,0.00042088015,-0.0003505245,0.00035887654,-0.00012758431,-0.00064866315,-0.0002797779,0.0018796097,-0.000747483,0.0022201517,0.0007035073,-0.0010430805,0.0028073362],[0.00024234381,0.0011303392,0.0012282548,0.00050600007,-0.02621254,-0.0008172119,-0.00045787418,0.0006859227,-0.00004951,0.000037205853,-0.0000025562724,-0.000006890216,5.5944525e-7,-0.0000030298086,0.0000020359892,0.000009271273,-0.000007889583,0.0000025848376,0.000012924844,-0.000002994138],[0.0014172036,-0.0026778318,-0.0012019424,-0.0004579077,0.0017412017,0.002067036,0.00042088015,-0.00004951,0.000013279701,-0.000005476316,-0.0000070473925,0.000003400557,-5.4975567e-7,0.000004103213,-0.000012635247,-0.0000018130465,0.000008582853,-0.000004130208,-0.000013090061,0.0000054804377],[0.000639753,0.0008278791,0.0015871123,0.00038575561,-0.0013064059,-0.0006344765,-0.0003505245,0.000037205853,-0.000005476316,0.0000053966023,0.0000013734611,-0.0000013696822,1.187205e-7,-0.0000010810674,0.0000032214398,8.619321e-7,-0.0000025005768,0.0000023207192,0.0000042655006,-0.000002391998],[-0.0003727611,0.0029122264,-0.00012912761,-0.00042081418,0.00019806836,-0.0022464453,0.00035887654,-0.0000025562724,-0.0000070473925,0.0000013734611,0.000008176968,-0.0000032191417,2.0091036e-7,-0.0000047603157,0.00001636186,0.0000012274277,-0.000008313686,0.0000059089402,0.000012624309,-0.0000040220557],[-0.000025538135,-0.0012027,-0.00013433848,0.00015122246,0.00021214136,0.0009266467,-0.00012758431,-0.000006890216,0.000003400557,-0.0000013696822,-0.0000032191417,0.0000014180509,-6.6360485e-8,0.0000019515403,-0.0000066657813,-6.013411e-7,0.0000034045322,-0.000002625638,-0.0000052790638,0.0000017260095],[-0.0000074717846,0.0001711813,-0.00018041558,0.00073093583,-0.000010269172,-0.00013042825,-0.00064866315,5.5944525e-7,-5.4975567e-7,1.187205e-7,2.0091036e-7,-6.6360485e-8,5.5877626e-7,-7.4246884e-8,-5.0257853e-7,7.2652733e-7,-0.0000024017252,-2.4083033e-7,0.0000015810188,-0.0000025171182],[0.000016083744,-0.0017226358,0.00011573987,0.0003252004,0.00005840635,0.0013276435,-0.0002797779,-0.0000030298086,0.000004103213,-0.0000010810674,-0.0000047603157,0.0000019515403,-7.4246884e-8,0.0000028498573,-0.000009858441,-7.7619507e-7,0.0000048392553,-0.0000037282516,-0.00000741066,0.0000022242414],[0.00018411902,0.0057896813,-0.00025419076,-0.0021528224,0.00010633206,-0.0044636894,0.0018796097,0.0000020359892,-0.000012635247,0.0000032214398,0.00001636186,-0.0000066657813,-5.0257853e-7,-0.000009858441,0.00003528841,0.0000016861866,-0.000013678665,0.000013562359,0.0000236278,-0.0000043871614],[0.0002011769,0.00061604305,-0.00029579204,0.0008397986,-0.0003282805,-0.00047130417,-0.000747483,0.000009271273,-0.0000018130465,8.619321e-7,0.0000012274277,-6.013411e-7,7.2652733e-7,-7.7619507e-7,0.0000016861866,0.0000012452513,-0.0000042604715,7.5246373e-7,0.0000037687919,-0.0000037442132],[-0.00018392103,-0.0034505539,0.0008602456,-0.0024854294,0.00015901682,0.002652223,0.0022201517,-0.000007889583,0.000008582853,-0.0000025005768,-0.000008313686,0.0000034045322,-0.0000024017252,0.0000048392553,-0.000013678665,-0.0000042604715,0.000017579463,-0.0000051847637,-0.000018282768,0.000013945311],[0.0009003246,0.002220548,0.00021031224,-0.0008078849,-0.0000054909306,-0.001708836,0.0007035073,0.0000025848376,-0.000004130208,0.0000023207192,0.0000059089402,-0.000002625638,-2.4083033e-7,-0.0000037282516,0.000013562359,7.5246373e-7,-0.0000051847637,0.000005996574,0.000008951427,-0.0000018979001],[-0.0001357488,0.004864619,-0.00009826164,0.0011484105,-0.00028603198,-0.003746333,-0.0010430805,0.000012924844,-0.000013090061,0.0000042655006,0.000012624309,-0.0000052790638,0.0000015810188,-0.00000741066,0.0000236278,0.0000037687919,-0.000018282768,0.000008951427,0.000023189634,-0.000012285062],[-0.0002966101,-0.0019796418,0.00027961683,-0.0031545658,-0.000010216129,0.001518561,0.0028073362,-0.000002994138,0.0000054804377,-0.000002391998,-0.0000040220557,0.0000017260095,-0.0000025171182,0.0000022242414,-0.0000043871614,-0.0000037442132,0.000013945311,-0.0000018979001,-0.000012285062,0.0000130982635]],"hovertemplate":"In: %{x}\u003cbr\u003e\nOut: %{y}\u003cbr\u003e\nWeight: %{customdata:0.2f}\n","z":[[[179,3,38,255],[221,220,219,255],[220,220,221,255],[220,220,221,255],[221,220,219,255],[221,220,219,255],[221,220,219,255],[221,220,219,255],[221,220,219,255],[221,220,219,255],[220,220,221,255],[220,220,221,255],[220,220,221,255],[221,220,219,255],[221,220,219,255],[221,220,219,255],[220,220,221,255],[221,220,219,255],[220,220,221,255],[220,220,221,255]],[[221,220,219,255],[179,3,38,255],[220,220,221,255],[220,220,221,255],[221,220,219,255],[83,112,221,255],[220,220,221,255],[221,220,219,255],[220,220,221,255],[221,220,219,255],[221,220,219,255],[220,220,221,255],[221,220,219,255],[220,220,221,255],[221,220,219,255],[221,220,219,255],[220,220,221,255],[221,220,219,255],[221,220,219,255],[220,220,221,255]],[[220,220,221,255],[220,220,221,255],[179,3,38,255],[220,220,221,255],[221,220,219,255],[220,220,221,255],[220,220,221,255],[221,220,219,255],[220,220,221,255],[221,220,219,255],[220,220,221,255],[220,220,221,255],[220,220,221,255],[221,220,219,255],[220,220,221,255],[220,220,221,255],[221,220,219,255],[221,220,219,255],[220,220,221,255],[221,220,219,255]],[[220,220,221,255],[220,220,221,255],[220,220,221,255],[179,3,38,255],[220,220,221,255],[221,220,219,255],[65,86,201,255],[221,220,219,255],[220,220,221,255],[221,220,219,255],[220,220,221,255],[221,220,219,255],[221,220,219,255],[221,220,219,255],[220,220,221,255],[221,220,219,255],[220,220,221,255],[220,220,221,255],[221,220,219,255],[220,220,221,255]],[[221,220,219,255],[221,220,219,255],[221,220,219,255],[220,220,221,255],[179,3,38,255],[220,220,221,255],[221,220,219,255],[217,220,224,255],[221,220,219,255],[220,220,221,255],[221,220,219,255],[221,220,219,255],[220,220,221,255],[221,220,219,255],[221,220,219,255],[220,220,221,255],[221,220,219,255],[220,220,221,255],[220,220,221,255],[220,220,221,255]],[[221,220,219,255],[83,112,221,255],[220,220,221,255],[221,220,219,255],[220,220,221,255],[233,121,94,255],[221,220,219,255],[220,220,221,255],[221,220,219,255],[220,220,221,255],[220,220,221,255],[221,220,219,255],[220,220,221,255],[221,220,219,255],[220,220,221,255],[220,220,221,255],[221,220,219,255],[220,220,221,255],[220,220,221,255],[221,220,219,255]],[[221,220,219,255],[220,220,221,255],[220,220,221,255],[65,86,201,255],[221,220,219,255],[221,220,219,255],[207,70,61,255],[220,220,221,255],[221,220,219,255],[220,220,221,255],[221,220,219,255],[220,220,221,255],[220,220,221,255],[220,220,221,255],[221,220,219,255],[220,220,221,255],[221,220,219,255],[221,220,219,255],[220,220,221,255],[221,220,219,255]],[[221,220,219,255],[221,220,219,255],[221,220,219,255],[221,220,219,255],[217,220,224,255],[220,220,221,255],[220,220,221,255],[221,220,219,255],[220,220,221,255],[221,220,219,255],[220,220,221,255],[220,220,221,255],[221,220,219,255],[220,220,221,255],[221,220,219,255],[221,220,219,255],[220,220,221,255],[221,220,219,255],[221,220,219,255],[220,220,221,255]],[[221,220,219,255],[220,220,221,255],[220,220,221,255],[220,220,221,255],[221,220,219,255],[221,220,219,255],[221,220,219,255],[220,220,221,255],[221,220,219,255],[220,220,221,255],[220,220,221,255],[221,220,219,255],[220,220,221,255],[221,220,219,255],[220,220,221,255],[220,220,221,255],[221,220,219,255],[220,220,221,255],[220,220,221,255],[221,220,219,255]],[[221,220,219,255],[221,220,219,255],[221,220,219,255],[221,220,219,255],[220,220,221,255],[220,220,221,255],[220,220,221,255],[221,220,219,255],[220,220,221,255],[221,220,219,255],[221,220,219,255],[220,220,221,255],[221,220,219,255],[220,220,221,255],[221,220,219,255],[221,220,219,255],[220,220,221,255],[221,220,219,255],[221,220,219,255],[220,220,221,255]],[[220,220,221,255],[221,220,219,255],[220,220,221,255],[220,220,221,255],[221,220,219,255],[220,220,221,255],[221,220,219,255],[220,220,221,255],[220,220,221,255],[221,220,219,255],[221,220,219,255],[220,220,221,255],[221,220,219,255],[220,220,221,255],[221,220,219,255],[221,220,219,255],[220,220,221,255],[221,220,219,255],[221,220,219,255],[220,220,221,255]],[[220,220,221,255],[220,220,221,255],[220,220,221,255],[221,220,219,255],[221,220,219,255],[221,220,219,255],[220,220,221,255],[220,220,221,255],[221,220,219,255],[220,220,221,255],[220,220,221,255],[221,220,219,255],[220,220,221,255],[221,220,219,255],[220,220,221,255],[220,220,221,255],[221,220,219,255],[220,220,221,255],[220,220,221,255],[221,220,219,255]],[[220,220,221,255],[221,220,219,255],[220,220,221,255],[221,220,219,255],[220,220,221,255],[220,220,221,255],[220,220,221,255],[221,220,219,255],[220,220,221,255],[221,220,219,255],[221,220,219,255],[220,220,221,255],[221,220,219,255],[220,220,221,255],[220,220,221,255],[221,220,219,255],[220,220,221,255],[220,220,221,255],[221,220,219,255],[220,220,221,255]],[[221,220,219,255],[220,220,221,255],[221,220,219,255],[221,220,219,255],[221,220,219,255],[221,220,219,255],[220,220,221,255],[220,220,221,255],[221,220,219,255],[220,220,221,255],[220,220,221,255],[221,220,219,255],[220,220,221,255],[221,220,219,255],[220,220,221,255],[220,220,221,255],[221,220,219,255],[220,220,221,255],[220,220,221,255],[221,220,219,255]],[[221,220,219,255],[221,220,219,255],[220,220,221,255],[220,220,221,255],[221,220,219,255],[220,220,221,255],[221,220,219,255],[221,220,219,255],[220,220,221,255],[221,220,219,255],[221,220,219,255],[220,220,221,255],[220,220,221,255],[220,220,221,255],[221,220,219,255],[221,220,219,255],[220,220,221,255],[221,220,219,255],[221,220,219,255],[220,220,221,255]],[[221,220,219,255],[221,220,219,255],[220,220,221,255],[221,220,219,255],[220,220,221,255],[220,220,221,255],[220,220,221,255],[221,220,219,255],[220,220,221,255],[221,220,219,255],[221,220,219,255],[220,220,221,255],[221,220,219,255],[220,220,221,255],[221,220,219,255],[221,220,219,255],[220,220,221,255],[221,220,219,255],[221,220,219,255],[220,220,221,255]],[[220,220,221,255],[220,220,221,255],[221,220,219,255],[220,220,221,255],[221,220,219,255],[221,220,219,255],[221,220,219,255],[220,220,221,255],[221,220,219,255],[220,220,221,255],[220,220,221,255],[221,220,219,255],[220,220,221,255],[221,220,219,255],[220,220,221,255],[220,220,221,255],[221,220,219,255],[220,220,221,255],[220,220,221,255],[221,220,219,255]],[[221,220,219,255],[221,220,219,255],[221,220,219,255],[220,220,221,255],[220,220,221,255],[220,220,221,255],[221,220,219,255],[221,220,219,255],[220,220,221,255],[221,220,219,255],[221,220,219,255],[220,220,221,255],[220,220,221,255],[220,220,221,255],[221,220,219,255],[221,220,219,255],[220,220,221,255],[221,220,219,255],[221,220,219,255],[220,220,221,255]],[[220,220,221,255],[221,220,219,255],[220,220,221,255],[221,220,219,255],[220,220,221,255],[220,220,221,255],[220,220,221,255],[221,220,219,255],[220,220,221,255],[221,220,219,255],[221,220,219,255],[220,220,221,255],[221,220,219,255],[220,220,221,255],[221,220,219,255],[221,220,219,255],[220,220,221,255],[221,220,219,255],[221,220,219,255],[220,220,221,255]],[[220,220,221,255],[220,220,221,255],[221,220,219,255],[220,220,221,255],[220,220,221,255],[221,220,219,255],[221,220,219,255],[220,220,221,255],[221,220,219,255],[220,220,221,255],[220,220,221,255],[221,220,219,255],[220,220,221,255],[221,220,219,255],[220,220,221,255],[220,220,221,255],[221,220,219,255],[220,220,221,255],[220,220,221,255],[221,220,219,255]]],"type":"image","xaxis":"x4","yaxis":"y4"},{"marker":{"cmax":1,"cmin":0,"color":[0.010512391,0.92416394,1.0066061,1.0060438,0.999609,0.9769374,1.0061371,1.0135092,1.100764,1.0119046,1.3745009,1.4016666,1.3733547,1.3736972,1.3765432,1.3921611,1.3938868,1.3815414,1.3858942,1.3780552]},"width":0.9,"x":[0,1,2,3,4,5,6,7,8,9,10,11,12,13,14,15,16,17,18,19],"y":[1.0011712,1.0133874,1.0060203,1.0065976,1.0061369,1.0118833,0.9996074,0.9240179,0.010457399,0.976937,0.004930474,0.0036261869,0.0074506877,0.010359976,0.0051432746,0.0032030481,0.0045683985,0.0054145157,0.0037084918,0.0029008691],"type":"bar","xaxis":"x5","yaxis":"y5"},{"colormodel":"rgba256","customdata":[[1.0023439,-0.003492125,-0.002747228,0.0011972263,-0.0015529967,-0.0012931088,0.00030988187,-0.00061092543,-0.009114319,0.00024438702,0.00010224614,0.000384423,-0.000049669634,0.00032616226,0.00060373254,0.00043420607,0.0005366015,0.0008133839,0.00036876847,0.00008236797],[-0.003492125,1.026954,0.0007696865,-0.0003826677,-0.0030840023,0.0016576579,-0.0027007894,-0.93637913,-0.004963008,-0.0043823407,-0.0047079525,-0.00052027195,-0.0072454102,-0.009976829,-0.0045137987,-0.0017485743,0.0023497657,0.004268627,0.0026393489,0.0025629415],[-0.002747228,0.0007696865,1.0120769,-1.0126516,0.0010026431,-0.00008068265,-0.0014734208,0.00068650016,-0.00052067963,-0.0026320608,-0.0012745582,0.0017765235,-0.0015400854,-0.00258028,-0.00088471,0.00025882776,0.0016211031,-0.0032585622,-0.0017666747,0.00027192806],[0.0011972263,-0.0003826677,-1.0126516,1.0132389,-0.0041400995,-0.00020158206,0.004590794,-0.0010345785,0.00053449074,0.0029018514,0.0012766973,-0.0017756033,0.0015338552,0.0025791877,0.0008899369,-0.00025304992,-0.0016196509,0.0032623215,0.0017707302,-0.00027557995],[-0.0015529967,-0.0030840023,0.0010026431,-0.0041400995,1.0123115,0.00010175036,-1.0057243,0.0028686908,-0.0004944595,0.001448906,-0.0010491571,-0.0006003055,0.0014526688,-0.0006692515,-0.002322196,-0.0021974156,-0.0010673424,-0.00055202376,-0.00069533393,0.0013589769],[-0.0012931088,0.0016576579,-0.00008068265,-0.00020158206,0.00010175036,1.0239075,-0.0009060492,-0.0010915509,0.0012944012,-0.9885367,-0.00010626966,-0.0030802067,0.00017750746,0.0018230004,-0.00036220334,-0.0015183357,0.0034328094,0.00034194664,-0.0018277332,0.0003136609],[0.00030988187,-0.0027007894,-0.0014734208,0.004590794,-1.0057243,-0.0009060492,0.9992149,0.0024100307,0.0005297725,-0.0006441762,0.0010693448,0.0006004132,-0.0014019031,0.0007203267,0.002332421,0.0021934947,0.0010431121,0.0005247182,0.0006777927,-0.0013650283],[-0.00061092543,-0.93637913,0.00068650016,-0.0010345785,0.0028686908,-0.0010915509,0.0024100307,0.8538091,0.004559615,0.0035906436,0.0042905738,0.00047407922,0.00660472,0.009093001,0.0041120094,0.0015923668,-0.002141038,-0.0038996064,-0.0024111774,-0.002336681],[-0.009114319,-0.004963008,-0.00052067963,0.00053449074,-0.0004944595,0.0012944012,0.0005297725,0.004559615,0.00010935719,-0.0012263493,0.0000230717,-0.0000054929596,0.00003601201,0.000049608865,0.00001768475,0.0000036376096,-0.00001231305,-0.000025726144,-0.000017204802,-0.000013676477],[0.00024438702,-0.0043823407,-0.0026320608,0.0029018514,0.001448906,-0.9885367,-0.0006441762,0.0035906436,-0.0012263493,0.95440584,0.000117052885,0.0029691355,-0.00014538293,-0.0017274594,0.00036012847,0.0014661344,-0.0033270847,-0.00033461722,0.0017607497,-0.00030850465],[0.00010224614,-0.0047079525,-0.0012745582,0.0012766973,-0.0010491571,-0.00010626966,0.0010693448,0.0042905738,0.0000230717,0.000117052885,0.000024309571,0.0000011144894,0.000033615906,0.000049545557,0.000024330626,0.0000101808455,-0.000011977679,-0.000014876488,-0.000008952856,-0.000013544324],[0.000384423,-0.00052027195,0.0017765235,-0.0017756033,-0.0006003055,-0.0030802067,0.0006004132,0.00047407922,-0.0000054929596,0.0029691355,0.0000011144894,0.000013149232,-4.751024e-7,-0.000004468156,0.0000034206735,0.0000073747265,-0.000007816227,-0.000008264107,0.000001617087,-0.0000025336053],[-0.000049669634,-0.0072454102,-0.0015400854,0.0015338552,0.0014526688,0.00017750746,-0.0014019031,0.00660472,0.00003601201,-0.00014538293,0.000033615906,-4.751024e-7,0.000055512744,0.000073622,0.00002976883,0.000008513233,-0.00001994534,-0.00002592896,-0.000017275655,-0.000016508158],[0.00032616226,-0.009976829,-0.00258028,0.0025791877,-0.0006692515,0.0018230004,0.0007203267,0.009093001,0.000049608865,-0.0017274594,0.000049545557,-0.000004468156,0.000073622,0.00010732911,0.000047227903,0.0000152417215,-0.0000198969,-0.000031973606,-0.00002385805,-0.000025942982],[0.00060373254,-0.0045137987,-0.00088471,0.0008899369,-0.002322196,-0.00036220334,0.002332421,0.0041120094,0.00001768475,0.00036012847,0.000024330626,0.0000034206735,0.00002976883,0.000047227903,0.000026453272,0.000013311033,-0.000010156677,-0.00001432613,-0.000007629861,-0.000014704146],[0.00043420607,-0.0017485743,0.00025882776,-0.00025304992,-0.0021974156,-0.0015183357,0.0021934947,0.0015923668,0.0000036376096,0.0014661344,0.0000101808455,0.0000073747265,0.000008513233,0.0000152417215,0.000013311033,0.000010259517,-0.0000061155547,-0.000007089654,-5.890272e-7,-0.000007685993],[0.0005366015,0.0023497657,0.0016211031,-0.0016196509,-0.0010673424,0.0034328094,0.0010431121,-0.002141038,-0.00001231305,-0.0033270847,-0.000011977679,-0.000007816227,-0.00001994534,-0.0000198969,-0.000010156677,-0.0000061155547,0.000020870266,0.000006682396,-0.0000020040966,0.0000059510717],[0.0008133839,0.004268627,-0.0032585622,0.0032623215,-0.00055202376,0.00034194664,0.0005247182,-0.0038996064,-0.000025726144,-0.00033461722,-0.000014876488,-0.000008264107,-0.00002592896,-0.000031973606,-0.00001432613,-0.000007089654,0.000006682396,0.000029316981,0.000016736516,0.000009237671],[0.00036876847,0.0026393489,-0.0017666747,0.0017707302,-0.00069533393,-0.0018277332,0.0006777927,-0.0024111774,-0.000017204802,0.0017607497,-0.000008952856,0.000001617087,-0.000017275655,-0.00002385805,-0.000007629861,-5.890272e-7,-0.0000020040966,0.000016736516,0.000013752911,0.000004670773],[0.00008236797,0.0025629415,0.00027192806,-0.00027557995,0.0013589769,0.0003136609,-0.0013650283,-0.002336681,-0.000013676477,-0.00030850465,-0.000013544324,-0.0000025336053,-0.000016508158,-0.000025942982,-0.000014704146,-0.000007685993,0.0000059510717,0.000009237671,0.000004670773,0.0000084150415]],"hovertemplate":"In: %{x}\u003cbr\u003e\nOut: %{y}\u003cbr\u003e\nWeight: %{customdata:0.2f}\n","z":[[[179,3,38,255],[220,220,221,255],[220,220,221,255],[221,220,219,255],[220,220,221,255],[220,220,221,255],[221,220,219,255],[220,220,221,255],[219,220,222,255],[221,220,219,255],[221,220,219,255],[221,220,219,255],[220,220,221,255],[221,220,219,255],[221,220,219,255],[221,220,219,255],[221,220,219,255],[221,220,219,255],[221,220,219,255],[221,220,219,255]],[[220,220,221,255],[179,3,38,255],[221,220,219,255],[220,220,221,255],[220,220,221,255],[221,220,219,255],[220,220,221,255],[67,90,204,255],[220,220,221,255],[220,220,221,255],[220,220,221,255],[220,220,221,255],[220,220,221,255],[219,220,222,255],[220,220,221,255],[220,220,221,255],[221,220,219,255],[221,220,219,255],[221,220,219,255],[221,220,219,255]],[[220,220,221,255],[221,220,219,255],[179,3,38,255],[58,76,192,255],[221,220,219,255],[220,220,221,255],[220,220,221,255],[221,220,219,255],[220,220,221,255],[220,220,221,255],[220,220,221,255],[221,220,219,255],[220,220,221,255],[220,220,221,255],[220,220,221,255],[221,220,219,255],[221,220,219,255],[220,220,221,255],[220,220,221,255],[221,220,219,255]],[[221,220,219,255],[220,220,221,255],[58,76,192,255],[179,3,38,255],[220,220,221,255],[220,220,221,255],[221,220,219,255],[220,220,221,255],[221,220,219,255],[221,220,219,255],[221,220,219,255],[220,220,221,255],[221,220,219,255],[221,220,219,255],[221,220,219,255],[220,220,221,255],[220,220,221,255],[221,220,219,255],[221,220,219,255],[220,220,221,255]],[[220,220,221,255],[220,220,221,255],[221,220,219,255],[220,220,221,255],[179,3,38,255],[221,220,219,255],[58,76,192,255],[221,220,219,255],[220,220,221,255],[221,220,219,255],[220,220,221,255],[220,220,221,255],[221,220,219,255],[220,220,221,255],[220,220,221,255],[220,220,221,255],[220,220,221,255],[220,220,221,255],[220,220,221,255],[221,220,219,255]],[[220,220,221,255],[221,220,219,255],[220,220,221,255],[220,220,221,255],[221,220,219,255],[179,3,38,255],[220,220,221,255],[220,220,221,255],[221,220,219,255],[59,77,193,255],[220,220,221,255],[220,220,221,255],[221,220,219,255],[221,220,219,255],[220,220,221,255],[220,220,221,255],[221,220,219,255],[221,220,219,255],[220,220,221,255],[221,220,219,255]],[[221,220,219,255],[220,220,221,255],[220,220,221,255],[221,220,219,255],[58,76,192,255],[220,220,221,255],[179,3,38,255],[221,220,219,255],[221,220,219,255],[220,220,221,255],[221,220,219,255],[221,220,219,255],[220,220,221,255],[221,220,219,255],[221,220,219,255],[221,220,219,255],[221,220,219,255],[221,220,219,255],[221,220,219,255],[220,220,221,255]],[[220,220,221,255],[67,90,204,255],[221,220,219,255],[220,220,221,255],[221,220,219,255],[220,220,221,255],[221,220,219,255],[205,66,58,255],[221,220,219,255],[221,220,219,255],[221,220,219,255],[221,220,219,255],[221,220,219,255],[222,219,218,255],[221,220,219,255],[221,220,219,255],[220,220,221,255],[220,220,221,255],[220,220,221,255],[220,220,221,255]],[[219,220,222,255],[220,220,221,255],[220,220,221,255],[221,220,219,255],[220,220,221,255],[221,220,219,255],[221,220,219,255],[221,220,219,255],[221,220,219,255],[220,220,221,255],[221,220,219,255],[220,220,221,255],[221,220,219,255],[221,220,219,255],[221,220,219,255],[221,220,219,255],[220,220,221,255],[220,220,221,255],[220,220,221,255],[220,220,221,255]],[[221,220,219,255],[220,220,221,255],[220,220,221,255],[221,220,219,255],[221,220,219,255],[59,77,193,255],[220,220,221,255],[221,220,219,255],[220,220,221,255],[187,26,43,255],[221,220,219,255],[221,220,219,255],[220,220,221,255],[220,220,221,255],[221,220,219,255],[221,220,219,255],[220,220,221,255],[220,220,221,255],[221,220,219,255],[220,220,221,255]],[[221,220,219,255],[220,220,221,255],[220,220,221,255],[221,220,219,255],[220,220,221,255],[220,220,221,255],[221,220,219,255],[221,220,219,255],[221,220,219,255],[221,220,219,255],[221,220,219,255],[221,220,219,255],[221,220,219,255],[221,220,219,255],[221,220,219,255],[221,220,219,255],[220,220,221,255],[220,220,221,255],[220,220,221,255],[220,220,221,255]],[[221,220,219,255],[220,220,221,255],[221,220,219,255],[220,220,221,255],[220,220,221,255],[220,220,221,255],[221,220,219,255],[221,220,219,255],[220,220,221,255],[221,220,219,255],[221,220,219,255],[221,220,219,255],[220,220,221,255],[220,220,221,255],[221,220,219,255],[221,220,219,255],[220,220,221,255],[220,220,221,255],[221,220,219,255],[220,220,221,255]],[[220,220,221,255],[220,220,221,255],[220,220,221,255],[221,220,219,255],[221,220,219,255],[221,220,219,255],[220,220,221,255],[221,220,219,255],[221,220,219,255],[220,220,221,255],[221,220,219,255],[220,220,221,255],[221,220,219,255],[221,220,219,255],[221,220,219,255],[221,220,219,255],[220,220,221,255],[220,220,221,255],[220,220,221,255],[220,220,221,255]],[[221,220,219,255],[219,220,222,255],[220,220,221,255],[221,220,219,255],[220,220,221,255],[221,220,219,255],[221,220,219,255],[222,219,218,255],[221,220,219,255],[220,220,221,255],[221,220,219,255],[220,220,221,255],[221,220,219,255],[221,220,219,255],[221,220,219,255],[221,220,219,255],[220,220,221,255],[220,220,221,255],[220,220,221,255],[220,220,221,255]],[[221,220,219,255],[220,220,221,255],[220,220,221,255],[221,220,219,255],[220,220,221,255],[220,220,221,255],[221,220,219,255],[221,220,219,255],[221,220,219,255],[221,220,219,255],[221,220,219,255],[221,220,219,255],[221,220,219,255],[221,220,219,255],[221,220,219,255],[221,220,219,255],[220,220,221,255],[220,220,221,255],[220,220,221,255],