<div>                        <script type="text/javascript">window.PlotlyConfig = {MathJaxConfig: 'local'};</script>
        <script charset="utf-8" src="https://cdn.plot.ly/plotly-2.35.2.min.js"></script>                <div id="fb4adfb9-01a7-4b1d-a4ae-cf7f328e8e9e" class="plotly-graph-div" style="height:700px; width:600px;"></div>            <script type="text/javascript">                                    window.PLOTLYENV=window.PLOTLYENV || {};                                    if (document.getElementById("fb4adfb9-01a7-4b1d-a4ae-cf7f328e8e9e")) {                    Plotly.newPlot(                        "fb4adfb9-01a7-4b1d-a4ae-cf7f328e8e9e",                        [{"marker":{"cmax":1,"cmin":0,"color":[0.0032192532,0.0037402087,0.0046059806,0.007197036,0.004104239,0.9987547,0.9980732,0.99641633,0.9956129,0.99518263,0.99648774,0.98680526,0.99497247,0.9955439,0.9916048,0.9802432,0.98791826,0.988617,0.98281384,0.98376137]},"width":0.9,"x":[0,1,2,3,4,5,6,7,8,9,10,11,12,13,14,15,16,17,18,19],"y":[1.0000685,1.0000329,1.0001738,1.0001321,1.0001302,0.007748346,0.004243567,0.0027757478,0.0022065353,0.0020329626,0.0025828592,0.0007334218,0.0018134566,0.0020527097,0.0011050223,0.00048873265,0.00079932413,0.0008549381,0.0005667172,0.0006002024],"type":"bar","xaxis":"x","yaxis":"y"},{"colormodel":"rgba256","customdata":[[1.0001372,0.000030095269,0.00025512953,0.000003825754,-0.000026949909,0.0014106162,-0.0015787409,-0.0017342175,0.00033099164,-0.001124784,-0.00051174546,0.00031679106,0.00024001344,0.0006899979,0.000058444482,0.00019912107,0.0002620004,0.00051209156,0.0002601672,0.00031050973],[0.000030095269,1.0000658,0.00023717184,0.00014241607,0.00020428433,-0.0024806703,-0.00037744796,-0.0007117372,-0.0010115594,-0.0012801843,0.00040224186,0.00057447026,0.0010768967,0.0013189351,0.00016758131,0.0000679237,0.0006414749,0.00050060713,0.00038260556,0.00041713958],[0.00025512953,0.00023717184,1.0003476,0.00037775867,0.00039547452,-0.0018305398,-0.0032549254,0.00033691482,-0.0015335174,0.00011971194,0.0012936448,0.00031164134,0.0010446592,0.00083730597,0.000644947,-0.00018936339,0.0003749988,0.00030069597,0.0002626399,0.00025017073],[0.000003825754,0.00014241607,0.00037775867,1.0002642,0.0003624562,0.0067693815,-0.00020256657,0.0017717268,-0.00087247766,-0.0010780316,0.000075777396,0.00010163522,0.00017725717,0.00015053705,0.000520076,-0.00037519165,0.0001340382,0.00028451,0.0000854437,0.000045798544],[-0.000026949909,0.00020428433,0.00039547452,0.0003624562,1.0002604,0.0016501519,-0.0021800254,-0.00096857955,0.00079011224,0.00023029264,0.0021383946,0.000018809607,0.0009754563,0.0011302258,0.000710291,-0.00013455572,0.000023158056,-0.00021671256,-0.00017581058,-0.0001588766],[0.0014106162,-0.0024806703,-0.0018305398,0.0067693815,0.0016501519,0.00006003686,-2.8991195e-7,0.000009096008,0.0000011854505,-0.000005546312,-5.3200804e-8,-8.3083535e-7,-0.0000014405497,-9.518715e-7,0.00000317535,-0.0000023016412,-9.640639e-7,4.9751293e-7,-7.752445e-7,-0.0000010074542],[-0.0015787409,-0.00037744796,-0.0032549254,-0.00020256657,-0.0021800254,-2.8991195e-7,0.000018007859,0.0000036625943,0.0000032997789,0.0000015812718,-0.00000822405,-0.0000017908017,-0.000006341483,-0.000006799834,-0.000003904148,6.4444225e-7,-0.0000019515865,-0.0000015592268,-0.0000010427864,-0.0000011235859],[-0.0017342175,-0.0007117372,0.00033691482,0.0017717268,-0.00096857955,0.000009096008,0.0000036625943,0.000007704776,-0.0000026822436,7.6903467e-7,-9.006482e-7,-6.913415e-7,-0.000001461723,-0.00000268152,2.2988631e-7,-9.917773e-7,-5.694719e-7,-4.2892262e-7,-3.1320377e-7,-5.1592974e-7],[0.00033099164,-0.0010115594,-0.0015335174,-0.00087247766,0.00079011224,0.0000011854505,0.0000032997789,-0.0000026822436,0.0000048687984,0.0000018602644,-9.337408e-7,-0.0000010273243,-0.0000019935671,-0.0000016256313,-0.0000010302065,5.082202e-7,-0.0000012351595,-0.0000012168781,-9.168069e-7,-8.6797223e-7],[-0.001124784,-0.0012801843,0.00011971194,-0.0010780316,0.00023029264,-0.000005546312,0.0000015812718,7.6903467e-7,0.0000018602644,0.000004132937,6.2852416e-7,-0.0000011591954,-0.0000014882623,-0.0000022646104,-5.990047e-7,3.9575614e-8,-0.0000012096197,-0.0000015370508,-8.833096e-7,-9.3899837e-7],[-0.00051174546,0.00040224186,0.0012936448,0.000075777396,0.0021383946,-5.3200804e-8,-0.00000822405,-9.006482e-7,-9.337408e-7,6.2852416e-7,0.0000066711623,5.189701e-7,0.0000037574898,0.0000036850995,0.0000024276121,-6.3489955e-7,6.675076e-7,-1.14561324e-7,-9.5458175e-9,-4.328947e-9],[0.00031679106,0.00057447026,0.00031164134,0.00010163522,0.000018809607,-8.3083535e-7,-0.0000017908017,-6.913415e-7,-0.0000010273243,-0.0000011591954,5.189701e-7,5.3790757e-7,0.0000010557222,0.0000012728369,3.8140894e-7,2.5803426e-9,5.8212845e-7,5.680988e-7,3.892817e-7,4.1746918e-7],[0.00024001344,0.0010768967,0.0010446592,0.00017725717,0.0009754563,-0.0000014405497,-0.000006341483,-0.000001461723,-0.0000019935671,-0.0000014882623,0.0000037574898,0.0000010557222,0.0000032886248,0.0000035867417,0.0000016512869,-2.7404155e-7,0.0000011907747,8.1433626e-7,5.919872e-7,6.37726e-7],[0.0006899979,0.0013189351,0.00083730597,0.00015053705,0.0011302258,-9.518715e-7,-0.000006799834,-0.00000268152,-0.0000016256313,-0.0000022646104,0.0000036850995,0.0000012728369,0.0000035867417,0.000004213617,0.0000016803572,-1.395085e-7,0.0000013861122,0.0000010623824,7.176624e-7,8.0068025e-7],[0.000058444482,0.00016758131,0.000644947,0.000520076,0.000710291,0.00000317535,-0.000003904148,2.2988631e-7,-0.0000010302065,-5.990047e-7,0.0000024276121,3.8140894e-7,0.0000016512869,0.0000016803572,0.0000012210741,-3.8938882e-7,4.5014917e-7,3.0124528e-7,1.679446e-7,1.6004483e-7],[0.00019912107,0.0000679237,-0.00018936339,-0.00037519165,-0.00013455572,-0.0000023016412,6.4444225e-7,-9.917773e-7,5.082202e-7,3.9575614e-8,-6.3489955e-7,2.5803426e-9,-2.7404155e-7,-1.395085e-7,-3.8938882e-7,2.3885963e-7,-2.849158e-8,1.5770931e-9,1.9732358e-8,4.705762e-8],[0.0002620004,0.0006414749,0.0003749988,0.0001340382,0.000023158056,-9.640639e-7,-0.0000019515865,-5.694719e-7,-0.0000012351595,-0.0000012096197,6.675076e-7,5.8212845e-7,0.0000011907747,0.0000013861122,4.5014917e-7,-2.849158e-8,6.3891906e-7,6.0088263e-7,4.192916e-7,4.4503375e-7],[0.00051209156,0.00050060713,0.00030069597,0.00028451,-0.00021671256,4.9751293e-7,-0.0000015592268,-4.2892262e-7,-0.0000012168781,-0.0000015370508,-1.14561324e-7,5.680988e-7,8.1433626e-7,0.0000010623824,3.0124528e-7,1.5770931e-9,6.0088263e-7,7.309192e-7,4.6599138e-7,4.9035583e-7],[0.0002601672,0.00038260556,0.0002626399,0.0000854437,-0.00017581058,-7.752445e-7,-0.0000010427864,-3.1320377e-7,-9.168069e-7,-8.833096e-7,-9.5458175e-9,3.892817e-7,5.919872e-7,7.176624e-7,1.679446e-7,1.9732358e-8,4.192916e-7,4.6599138e-7,3.2116836e-7,3.378352e-7],[0.00031050973,0.00041713958,0.00025017073,0.000045798544,-0.0001588766,-0.0000010074542,-0.0000011235859,-5.1592974e-7,-8.6797223e-7,-9.3899837e-7,-4.328947e-9,4.1746918e-7,6.37726e-7,8.0068025e-7,1.6004483e-7,4.705762e-8,4.4503375e-7,4.9035583e-7,3.378352e-7,3.6024292e-7]],"hovertemplate":"In: %{x}\u003cbr\u003e\nOut: %{y}\u003cbr\u003e\nWeight: %{customdata:0.2f}\n","z":[[[179,3,38,255],[221,220,219,255],[221,220,219,255],[221,220,219,255],[220,220,221,255],[221,220,219,255],[220,220,221,255],[220,220,221,255],[221,220,219,255],[220,220,221,255],[220,220,221,255],[221,220,219,255],[221,220,219,255],[221,220,219,255],[221,220,219,255],[221,220,219,255],[221,220,219,255],[221,220,219,255],[221,220,219,255],[221,220,219,255]],[[221,220,219,255],[179,3,38,255],[221,220,219,255],[221,220,219,255],[221,220,219,255],[220,220,221,255],[220,220,221,255],[220,220,221,255],[220,220,221,255],[220,220,221,255],[221,220,219,255],[221,220,219,255],[221,220,219,255],[221,220,219,255],[221,220,219,255],[221,220,219,255],[221,220,219,255],[221,220,219,255],[221,220,219,255],[221,220,219,255]],[[221,220,219,255],[221,220,219,255],[179,3,38,255],[221,220,219,255],[221,220,219,255],[220,220,221,255],[220,220,221,255],[221,220,219,255],[220,220,221,255],[221,220,219,255],[221,220,219,255],[221,220,219,255],[221,220,219,255],[221,220,219,255],[221,220,219,255],[220,220,221,255],[221,220,219,255],[221,220,219,255],[221,220,219,255],[221,220,219,255]],[[221,220,219,255],[221,220,219,255],[221,220,219,255],[179,3,38,255],[221,220,219,255],[221,220,219,255],[220,220,221,255],[221,220,219,255],[220,220,221,255],[220,220,221,255],[221,220,219,255],[221,220,219,255],[221,220,219,255],[221,220,219,255],[221,220,219,255],[220,220,221,255],[221,220,219,255],[221,220,219,255],[221,220,219,255],[221,220,219,255]],[[220,220,221,255],[221,220,219,255],[221,220,219,255],[221,220,219,255],[179,3,38,255],[221,220,219,255],[220,220,221,255],[220,220,221,255],[221,220,219,255],[221,220,219,255],[221,220,219,255],[221,220,219,255],[221,220,219,255],[221,220,219,255],[221,220,219,255],[220,220,221,255],[221,220,219,255],[220,220,221,255],[220,220,221,255],[220,220,221,255]],[[221,220,219,255],[220,220,221,255],[220,220,221,255],[221,220,219,255],[221,220,219,255],[221,220,219,255],[220,220,221,255],[221,220,219,255],[221,220,219,255],[220,220,221,255],[220,220,221,255],[220,220,221,255],[220,220,221,255],[220,220,221,255],[221,220,219,255],[220,220,221,255],[220,220,221,255],[221,220,219,255],[220,220,221,255],[220,220,221,255]],[[220,220,221,255],[220,220,221,255],[220,220,221,255],[220,220,221,255],[220,220,221,255],[220,220,221,255],[221,220,219,255],[221,220,219,255],[221,220,219,255],[221,220,219,255],[220,220,221,255],[220,220,221,255],[220,220,221,255],[220,220,221,255],[220,220,221,255],[221,220,219,255],[220,220,221,255],[220,220,221,255],[220,220,221,255],[220,220,221,255]],[[220,220,221,255],[220,220,221,255],[221,220,219,255],[221,220,219,255],[220,220,221,255],[221,220,219,255],[221,220,219,255],[221,220,219,255],[220,220,221,255],[221,220,219,255],[220,220,221,255],[220,220,221,255],[220,220,221,255],[220,220,221,255],[221,220,219,255],[220,220,221,255],[220,220,221,255],[220,220,221,255],[220,220,221,255],[220,220,221,255]],[[221,220,219,255],[220,220,221,255],[220,220,221,255],[220,220,221,255],[221,220,219,255],[221,220,219,255],[221,220,219,255],[220,220,221,255],[221,220,219,255],[221,220,219,255],[220,220,221,255],[220,220,221,255],[220,220,221,255],[220,220,221,255],[220,220,221,255],[221,220,219,255],[220,220,221,255],[220,220,221,255],[220,220,221,255],[220,220,221,255]],[[220,220,221,255],[220,220,221,255],[221,220,219,255],[220,220,221,255],[221,220,219,255],[220,220,221,255],[221,220,219,255],[221,220,219,255],[221,220,219,255],[221,220,219,255],[221,220,219,255],[220,220,221,255],[220,220,221,255],[220,220,221,255],[220,220,221,255],[221,220,219,255],[220,220,221,255],[220,220,221,255],[220,220,221,255],[220,220,221,255]],[[220,220,221,255],[221,220,219,255],[221,220,219,255],[221,220,219,255],[221,220,219,255],[220,220,221,255],[220,220,221,255],[220,220,221,255],[220,220,221,255],[221,220,219,255],[221,220,219,255],[221,220,219,255],[221,220,219,255],[221,220,219,255],[221,220,219,255],[220,220,221,255],[221,220,219,255],[220,220,221,255],[221,220,219,255],[221,220,219,255]],[[221,220,219,255],[221,220,219,255],[221,220,219,255],[221,220,219,255],[221,220,219,255],[220,220,221,255],[220,220,221,255],[220,220,221,255],[220,220,221,255],[220,220,221,255],[221,220,219,255],[221,220,219,255],[221,220,219,255],[221,220,219,255],[221,220,219,255],[221,220,219,255],[221,220,219,255],[221,220,219,255],[221,220,219,255],[221,220,219,255]],[[221,220,219,255],[221,220,219,255],[221,220,219,255],[221,220,219,255],[221,220,219,255],[220,220,221,255],[220,220,221,255],[220,220,221,255],[220,220,221,255],[220,220,221,255],[221,220,219,255],[221,220,219,255],[221,220,219,255],[221,220,219,255],[221,220,219,255],[220,220,221,255],[221,220,219,255],[221,220,219,255],[221,220,219,255],[221,220,219,255]],[[221,220,219,255],[221,220,219,255],[221,220,219,255],[221,220,219,255],[221,220,219,255],[220,220,221,255],[220,220,221,255],[220,220,221,255],[220,220,221,255],[220,220,221,255],[221,220,219,255],[221,220,219,255],[221,220,219,255],[221,220,219,255],[221,220,219,255],[220,220,221,255],[221,220,219,255],[221,220,219,255],[221,220,219,255],[221,220,219,255]],[[221,220,219,255],[221,220,219,255],[221,220,219,255],[221,220,219,255],[221,220,219,255],[221,220,219,255],[220,220,221,255],[221,220,219,255],[220,220,221,255],[220,220,221,255],[221,220,219,255],[221,220,219,255],[221,220,219,255],[221,220,219,255],[221,220,219,255],[220,220,221,255],[221,220,219,255],[221,220,219,255],[221,220,219,255],[221,220,219,255]],[[221,220,219,255],[221,220,219,255],[220,220,221,255],[220,220,221,255],[220,220,221,255],[220,220,221,255],[221,220,219,255],[220,220,221,255],[221,220,219,255],[221,220,219,255],[220,220,221,255],[221,220,219,255],[220,220,221,255],[220,220,221,255],[220,220,221,255],[221,220,219,255],[221,220,219,255],[221,220,219,255],[221,220,219,255],[221,220,219,255]],[[221,220,219,255],[221,220,219,255],[221,220,219,255],[221,220,219,255],[221,220,219,255],[220,220,221,255],[220,220,221,255],[220,220,221,255],[220,220,221,255],[220,220,221,255],[221,220,219,255],[221,220,219,255],[221,220,219,255],[221,220,219,255],[221,220,219,255],[221,220,219,255],[221,220,219,255],[221,220,219,255],[221,220,219,255],[221,220,219,255]],[[221,220,219,255],[221,220,219,255],[221,220,219,255],[221,220,219,255],[220,220,221,255],[221,220,219,255],[220,220,221,255],[220,220,221,255],[220,220,221,255],[220,220,221,255],[220,220,221,255],[221,220,219,255],[221,220,219,255],[221,220,219,255],[221,220,219,255],[221,220,219,255],[221,220,219,255],[221,220,219,255],[221,220,219,255],[221,220,219,255]],[[221,220,219,255],[221,220,219,255],[221,220,219,255],[221,220,219,255],[220,220,221,255],[220,220,221,255],[220,220,221,255],[220,220,221,255],[220,220,221,255],[220,220,221,255],[221,220,219,255],[221,220,219,255],[221,220,219,255],[221,220,219,255],[221,220,219,255],[221,220,219,255],[221,220,219,255],[221,220,219,255],[221,220,219,255],[221,220,219,255]],[[221,220,219,255],[221,220,219,255],[221,220,219,255],[221,220,219,255],[220,220,221,255],[220,220,221,255],[220,220,221,255],[220,220,221,255],[220,220,221,255],[220,220,221,255],[221,220,219,255],[221,220,219,255],[221,220,219,255],[221,220,219,255],[221,220,219,255],[221,220,219,255],[221,220,219,255],[221,220,219,255],[221,220,219,255],[221,220,219,255]]],"type":"image","xaxis":"x2","yaxis":"y2"},{"marker":{"cmax":1,"cmin":0,"color":[0.005905907,0.0053760232,0.005203163,0.9580719,0.9161272,1.0302674,1.195817,1.0352595,1.3408293,1.2063696,1.2958912,1.2035651,1.3381765,1.3084837,1.3866618,1.344758,1.372106,1.3698984,1.3767737,1.3800235]},"width":0.9,"x":[0,1,2,3,4,5,6,7,8,9,10,11,12,13,14,15,16,17,18,19],"y":[1.0009212,1.0013453,1.0013051,1.0302287,1.0352559,0.9580411,0.0070385844,0.91611195,0.008361235,0.003447835,0.0036795458,0.0022258852,0.0016974291,0.0012859801,0.0025502802,0.0009139438,0.0017558326,0.001417064,0.0024072854,0.0034563234],"type":"bar","xaxis":"x3","yaxis":"y3"},{"colormodel":"rgba256","customdata":[[1.0018433,-0.0002734438,0.0002322331,0.00048312082,0.00024866808,-0.0043785647,-0.003366869,-0.0003882607,-0.0017622513,0.0005272994,0.0001470701,0.00020470149,-0.0004759397,-0.00017911711,0.000027028795,0.00012441263,0.00010614239,-0.00031043033,0.00014730667,0.00010740183],[-0.0002734438,1.0026925,0.00029385148,0.0006102311,0.000014444002,-0.0035104628,-0.0009455574,0.0012576546,-0.00289798,0.0012806803,-0.0013795508,-0.001168605,-0.00050279003,-0.00005752382,-0.00024226015,-0.000024707808,0.000099261466,-0.000121333964,0.0000020618893,0.000003875869],[0.0002322331,0.00029385148,1.0026121,-0.00036792274,0.0012679187,0.00008116124,-0.003820577,-0.0014538589,0.00084534,0.0020679457,0.0014027795,-0.0010601815,0.000065172884,0.00060753536,-0.000063477266,-0.00020493982,0.00007835141,0.0001480709,0.000078402925,0.00008671065],[0.00048312082,0.0006102311,-0.00036792274,1.0613712,0.003626583,-0.9869877,-0.003267894,0.00077609316,0.007586736,-0.0022385826,0.0029769703,0.001067331,-0.0014921763,0.0011508225,-0.0019340903,-0.00015493619,-0.0002206628,0.0013234244,-0.00070459215,0.001146748],[0.00024866808,0.000014444002,0.0012679187,0.003626583,1.0717548,-0.0021271738,0.0036762326,-0.94840086,0.0019479729,-0.0010339431,-0.0011678113,-0.0012034868,0.00056412804,-0.00003734272,0.0017613351,0.0008985888,-0.0017966712,-0.0004857801,0.0023809224,-0.003380466],[-0.0043785647,-0.0035104628,0.00008116124,-0.9869877,-0.0021271738,0.91784275,0.003060128,-0.0018266101,-0.0070375754,0.0020741292,-0.0027665882,-0.0009910265,0.0013915844,-0.0010695006,0.0018012162,0.00014476091,0.00020238034,-0.0012297058,0.00065737806,-0.0010707689],[-0.003366869,-0.0009455574,-0.003820577,-0.003267894,0.0036762326,0.003060128,0.00004954167,-0.0032647941,-0.000011308213,-0.0000075115513,-0.000017770471,-0.0000029884472,0.000008378036,-0.0000053466038,0.000012424925,0.0000039623196,-0.000006258146,-0.000005171128,0.00000958559,-0.000015887306],[-0.0003882607,0.0012576546,-0.0014538589,0.00077609316,-0.94840086,-0.0018266101,-0.0032647941,0.83926105,-0.0016989588,0.0009073982,0.0010423594,0.0010678298,-0.0005053851,0.000037122663,-0.0015661862,-0.00079574285,0.0015891582,0.00043469356,-0.0021096119,0.0029956948],[-0.0017622513,-0.00289798,0.00084534,0.007586736,0.0019479729,-0.0070375754,-0.000011308213,-0.0016989588,0.00006991026,-0.000020738806,0.00002409563,0.000007594905,-0.0000072994612,0.000009151023,-0.00001006058,1.830084e-7,-0.0000052061155,0.000009608476,-9.650772e-7,0.0000020051434],[0.0005272994,0.0012806803,0.0020679457,-0.0022385826,-0.0010339431,0.0020741292,-0.0000075115513,0.0009073982,-0.000020738806,0.000011887566,-0.0000039409206,-0.000004664596,0.0000018418225,-0.0000013028686,0.0000019559495,-9.251316e-7,0.0000025343065,-0.0000023342743,-5.601017e-7,0.000001071086],[0.0001470701,-0.0013795508,0.0014027795,0.0029769703,-0.0011678113,-0.0027665882,-0.000017770471,0.0010423594,0.00002409563,-0.0000039409206,0.000013539057,0.000004477433,-0.0000040985765,0.0000041797,-0.000007124569,-0.0000016597354,0.0000013462292,0.000004583071,-0.0000044722688,0.0000070751767],[0.00020470149,-0.001168605,-0.0010601815,0.001067331,-0.0012034868,-0.0009910265,-0.0000029884472,0.0010678298,0.000007594905,-0.000004664596,0.000004477433,0.000004954565,-0.0000017211034,5.933233e-7,-0.000003579587,-8.969807e-7,0.0000016219216,0.0000018046139,-0.0000034452985,0.0000048871293],[-0.0004759397,-0.00050279003,0.000065172884,-0.0014921763,0.00056412804,0.0013915844,0.000008378036,-0.0005053851,-0.0000072994612,0.0000018418225,-0.0000040985765,-0.0000017211034,0.0000028812653,-0.000001486502,0.0000037615866,6.3550635e-7,-7.3887674e-7,-0.0000019027334,0.0000021902147,-0.000003456625],[-0.00017911711,-0.00005752382,0.00060753536,0.0011508225,-0.00003734272,-0.0010695006,-0.0000053466038,0.000037122663,0.000009151023,-0.0000013028686,0.0000041797,5.933233e-7,-0.000001486502,0.0000016537449,-0.0000021962392,-3.4845422e-7,-1.462668e-7,0.0000016071823,-8.3660933e-7,0.0000014094823],[0.000027028795,-0.00024226015,-0.000063477266,-0.0019340903,0.0017613351,0.0018012162,0.000012424925,-0.0015661862,-0.00001006058,0.0000019559495,-0.000007124569,-0.000003579587,0.0000037615866,-0.0000021962392,0.0000065039294,0.0000017884457,-0.0000025867282,-0.000003209419,0.000005213953,-0.000007676388],[0.00012441263,-0.000024707808,-0.00020493982,-0.00015493619,0.0008985888,0.00014476091,0.0000039623196,-0.00079574285,1.830084e-7,-9.251316e-7,-0.0000016597354,-8.969807e-7,6.3550635e-7,-3.4845422e-7,0.0000017884457,8.352933e-7,-0.0000014801628,-6.707625e-7,0.0000021050107,-0.0000030121137],[0.00010614239,0.000099261466,0.00007835141,-0.0002206628,-0.0017966712,0.00020238034,-0.000006258146,0.0015891582,-0.0000052061155,0.0000025343065,0.0000013462292,0.0000016219216,-7.3887674e-7,-1.462668e-7,-0.0000025867282,-0.0000014801628,0.0000030829476,5.131953e-7,-0.000003825317,0.0000054518823],[-0.00031043033,-0.000121333964,0.0001480709,0.0013234244,-0.0004857801,-0.0012297058,-0.000005171128,0.00043469356,0.000009608476,-0.0000023342743,0.000004583071,0.0000018046139,-0.0000019027334,0.0000016071823,-0.000003209419,-6.707625e-7,5.131953e-7,0.0000020080704,-0.0000020036257,0.0000029579178],[0.00014730667,0.0000020618893,0.000078402925,-0.00070459215,0.0023809224,0.00065737806,0.00000958559,-0.0021096119,-9.650772e-7,-5.601017e-7,-0.0000044722688,-0.0000034452985,0.0000021902147,-8.3660933e-7,0.000005213953,0.0000021050107,-0.000003825317,-0.0000020036257,0.0000057950233,-0.000008264775],[0.00010740183,0.000003875869,0.00008671065,0.001146748,-0.003380466,-0.0010707689,-0.000015887306,0.0029956948,0.0000020051434,0.000001071086,0.0000070751767,0.0000048871293,-0.000003456625,0.0000014094823,-0.000007676388,-0.0000030121137,0.0000054518823,0.0000029579178,-0.000008264775,0.000011946171]],"hovertemplate":"In: %{x}\u003cbr\u003e\nOut: %{y}\u003cbr\u003e\nWeight: %{customdata:0.2f}\n","z":[[[179,3,38,255],[220,220,221,255],[221,220,219,255],[221,220,219,255],[221,220,219,255],[220,220,221,255],[220,220,221,255],[220,220,221,255],[220,220,221,255],[221,220,219,255],[221,220,219,255],[221,220,219,255],[220,220,221,255],[220,220,221,255],[221,220,219,255],[221,220,219,255],[221,220,219,255],[220,220,221,255],[221,220,219,255],[221,220,219,255]],[[220,220,221,255],[179,3,38,255],[221,220,219,255],[221,220,219,255],[221,220,219,255],[220,220,221,255],[220,220,221,255],[221,220,219,255],[220,220,221,255],[221,220,219,255],[220,220,221,255],[220,220,221,255],[220,220,221,255],[220,220,221,255],[220,220,221,255],[220,220,221,255],[221,220,219,255],[220,220,221,255],[221,220,219,255],[221,220,219,255]],[[221,220,219,255],[221,220,219,255],[179,3,38,255],[220,220,221,255],[221,220,219,255],[221,220,219,255],[220,220,221,255],[220,220,221,255],[221,220,219,255],[221,220,219,255],[221,220,219,255],[220,220,221,255],[221,220,219,255],[221,220,219,255],[220,220,221,255],[220,220,221,255],[221,220,219,255],[221,220,219,255],[221,220,219,255],[221,220,219,255]],[[221,220,219,255],[221,220,219,255],[220,220,221,255],[179,3,38,255],[221,220,219,255],[59,77,193,255],[220,220,221,255],[221,220,219,255],[221,220,219,255],[220,220,221,255],[221,220,219,255],[221,220,219,255],[220,220,221,255],[221,220,219,255],[220,220,221,255],[220,220,221,255],[220,220,221,255],[221,220,219,255],[220,220,221,255],[221,220,219,255]],[[221,220,219,255],[221,220,219,255],[221,220,219,255],[221,220,219,255],[179,3,38,255],[220,220,221,255],[221,220,219,255],[65,86,201,255],[221,220,219,255],[220,220,221,255],[220,220,221,255],[220,220,221,255],[221,220,219,255],[220,220,221,255],[221,220,219,255],[221,220,219,255],[220,220,221,255],[220,220,221,255],[221,220,219,255],[220,220,221,255]],[[220,220,221,255],[220,220,221,255],[221,220,219,255],[59,77,193,255],[220,220,221,255],[194,45,49,255],[221,220,219,255],[220,220,221,255],[220,220,221,255],[221,220,219,255],[220,220,221,255],[220,220,221,255],[221,220,219,255],[220,220,221,255],[221,220,219,255],[221,220,219,255],[221,220,219,255],[220,220,221,255],[221,220,219,255],[220,220,221,255]],[[220,220,221,255],[220,220,221,255],[220,220,221,255],[220,220,221,255],[221,220,219,255],[221,220,219,255],[221,220,219,255],[220,220,221,255],[220,220,221,255],[220,220,221,255],[220,220,221,255],[220,220,221,255],[221,220,219,255],[220,220,221,255],[221,220,219,255],[221,220,219,255],[220,220,221,255],[220,220,221,255],[221,220,219,255],[220,220,221,255]],[[220,220,221,255],[221,220,219,255],[220,220,221,255],[221,220,219,255],[65,86,201,255],[220,220,221,255],[220,220,221,255],[207,70,61,255],[220,220,221,255],[221,220,219,255],[221,220,219,255],[221,220,219,255],[220,220,221,255],[221,220,219,255],[220,220,221,255],[220,220,221,255],[221,220,219,255],[221,220,219,255],[220,220,221,255],[221,220,219,255]],[[220,220,221,255],[220,220,221,255],[221,220,219,255],[221,220,219,255],[221,220,219,255],[220,220,221,255],[220,220,221,255],[220,220,221,255],[221,220,219,255],[220,220,221,255],[221,220,219,255],[221,220,219,255],[220,220,221,255],[221,220,219,255],[220,220,221,255],[221,220,219,255],[220,220,221,255],[221,220,219,255],[220,220,221,255],[221,220,219,255]],[[221,220,219,255],[221,220,219,255],[221,220,219,255],[220,220,221,255],[220,220,221,255],[221,220,219,255],[220,220,221,255],[221,220,219,255],[220,220,221,255],[221,220,219,255],[220,220,221,255],[220,220,221,255],[221,220,219,255],[220,220,221,255],[221,220,219,255],[220,220,221,255],[221,220,219,255],[220,220,221,255],[220,220,221,255],[221,220,219,255]],[[221,220,219,255],[220,220,221,255],[221,220,219,255],[221,220,219,255],[220,220,221,255],[220,220,221,255],[220,220,221,255],[221,220,219,255],[221,220,219,255],[220,220,221,255],[221,220,219,255],[221,220,219,255],[220,220,221,255],[221,220,219,255],[220,220,221,255],[220,220,221,255],[221,220,219,255],[221,220,219,255],[220,220,221,255],[221,220,219,255]],[[221,220,219,255],[220,220,221,255],[220,220,221,255],[221,220,219,255],[220,220,221,255],[220,220,221,255],[220,220,221,255],[221,220,219,255],[221,220,219,255],[220,220,221,255],[221,220,219,255],[221,220,219,255],[220,220,221,255],[221,220,219,255],[220,220,221,255],[220,220,221,255],[221,220,219,255],[221,220,219,255],[220,220,221,255],[221,220,219,255]],[[220,220,221,255],[220,220,221,255],[221,220,219,255],[220,220,221,255],[221,220,219,255],[221,220,219,255],[221,220,219,255],[220,220,221,255],[220,220,221,255],[221,220,219,255],[220,220,221,255],[220,220,221,255],[221,220,219,255],[220,220,221,255],[221,220,219,255],[221,220,219,255],[220,220,221,255],[220,220,221,255],[221,220,219,255],[220,220,221,255]],[[220,220,221,255],[220,220,221,255],[221,220,219,255],[221,220,219,255],[220,220,221,255],[220,220,221,255],[220,220,221,255],[221,220,219,255],[221,220,219,255],[220,220,221,255],[221,220,219,255],[221,220,219,255],[220,220,221,255],[221,220,219,255],[220,220,221,255],[220,220,221,255],[220,220,221,255],[221,220,219,255],[220,220,221,255],[221,220,219,255]],[[221,220,219,255],[220,220,221,255],[220,220,221,255],[220,220,221,255],[221,220,219,255],[221,220,219,255],[221,220,219,255],[220,220,221,255],[220,220,221,255],[221,220,219,255],[220,220,221,255],[220,220,221,255],[221,220,219,255],[220,220,221,255],[221,220,219,255],[221,220,219,255],[220,220,221,255],[220,220,221,255],[221,220,219,255],[220,220,221,255]],[[221,220,219,255],[220,220,221,255],[220,220,221,255],[220,220,221,255],[221,220,219,255],[221,220,219,255],[221,220,219,255],[220,220,221,255],[221,220,219,255],[220,220,221,255],[220,220,221,255],[220,220,221,255],[221,220,219,255],[220,220,221,255],[221,220,219,255],[221,220,219,255],[220,220,221,255],[220,220,221,255],[221,220,219,255],[220,220,221,255]],[[221,220,219,255],[221,220,219,255],[221,220,219,255],[220,220,221,255],[220,220,221,255],[221,220,219,255],[220,220,221,255],[221,220,219,255],[220,220,221,255],[221,220,219,255],[221,220,219,255],[221,220,219,255],[220,220,221,255],[220,220,221,255],[220,220,221,255],[220,220,221,255],[221,220,219,255],[221,220,219,255],[220,220,221,255],[221,220,219,255]],[[220,220,221,255],[220,220,221,255],[221,220,219,255],[221,220,219,255],[220,220,221,255],[220,220,221,255],[220,220,221,255],[221,220,219,255],[221,220,219,255],[220,220,221,255],[221,220,219,255],[221,220,219,255],[220,220,221,255],[221,220,219,255],[220,220,221,255],[220,220,221,255],[221,220,219,255],[221,220,219,255],[220,220,221,255],[221,220,219,255]],[[221,220,219,255],[221,220,219,255],[221,220,219,255],[220,220,221,255],[221,220,219,255],[221,220,219,255],[221,220,219,255],[220,220,221,255],[220,220,221,255],[220,220,221,255],[220,220,221,255],[220,220,221,255],[221,220,219,255],[220,220,221,255],[221,220,219,255],[221,220,219,255],[220,220,221,255],[220,220,221,255],[221,220,219,255],[220,220,221,255]],[[221,220,219,255],[221,220,219,255],[221,220,219,255],[221,220,219,255],[220,220,221,255],[220,220,221,255],[220,220,221,255],[221,220,219,255],[221,220,219,255],[221,220,219,255],[221,220,219,255],[221,220,219,255],[220,220,221,255],[221,220,219,255],[220,220,221,255],[220,220,221,255],[221,220,219,255],[221,220,219,255],[220,220,221,255],[221,220,219,255]]],"type":"image","xaxis":"x4","yaxis":"y4"},{"marker":{"cmax":1,"cmin":0,"color":[0.0043463707,0.97732973,0.96734023,0.98649734,0.97924405,1.0126449,1.0133644,1.0125706,1.0109363,1.3540523,1.3972358,1.3980019,1.4010851,1.3969948,1.4057467,1.3988647,1.3974531,1.3944244,1.4052832,1.4007192]},"width":0.9,"x":[0,1,2,3,4,5,6,7,8,9,10,11,12,13,14,15,16,17,18,19],"y":[1.0003078,1.0125808,1.0125518,1.0133471,1.0109395,0.97727233,0.98647785,0.9672979,0.97924507,0.0021047604,0.005769367,0.0037021819,0.004017943,0.002851731,0.0050902604,0.0036384773,0.004153768,0.0021334146,0.004785537,0.00476752],"type":"bar","xaxis":"x5","yaxis":"y5"},{"colormodel":"rgba256","customdata":[[1.0006157,-0.0026588466,-0.0009307795,0.00009164592,0.00047717986,0.0024682356,0.0012178286,0.00036043036,-0.0009830862,-0.00077012327,-0.0008494654,-0.00037405104,0.00019184937,-0.0003847535,-0.00011827955,0.00034834514,0.000151811,-0.00012373741,-0.00009166398,-0.00048731093],[-0.0026588466,1.0253197,-0.0051527275,0.002940695,-0.0051674526,-0.98955363,-0.0027874932,0.002220544,-0.0012248084,0.0013309738,-0.0024442528,0.0017630073,-0.0024873284,0.0012362048,-0.0040394724,0.0027724216,-0.0020881067,-0.0006674233,0.0041463138,-0.0036648726],[-0.0009307795,-0.0051527275,1.025261,0.0012668378,-0.0028775753,0.0037384701,0.00092063256,-0.9794333,0.0015130065,-0.0005745107,0.0042415694,0.002351067,0.0030407507,-0.0011992853,-0.0019469635,-0.002287653,-0.0032372961,-0.0017605921,0.0015304061,0.0008414729],[0.00009164592,0.002940695,0.0012668378,1.0268725,0.00053156156,-0.0048674718,-0.99964064,-0.0022219273,0.0001429002,-0.00047829802,-0.0022687018,0.0009843648,0.0010272871,-0.0017076564,-0.0024759984,-0.00057602,-0.00022351246,0.0009262277,0.0018502967,0.002579504],[0.00047717986,-0.0051674526,-0.0028775753,0.00053156156,1.0219984,0.0004090469,-0.0017018879,0.0010549848,-0.98993665,-0.001273981,-0.0020932849,-0.002081877,-0.00030777836,-0.0015239194,-0.0005308707,-0.00050876464,-0.001625315,0.000486202,0.0006877234,0.0015151039],[0.0024682356,-0.98955363,0.0037384701,-0.0048674718,0.0004090469,0.95506126,0.0046683466,-0.0009540538,0.0056170262,-0.001277151,0.0023678353,-0.001696979,0.0023962634,-0.0011814192,0.003908297,-0.0026696152,0.0020269586,0.00064230134,-0.0040103565,0.0035242634],[0.0012178286,-0.0027874932,0.00092063256,-0.99964064,-0.0017018879,0.0046683466,0.9731386,0.00010648995,0.0010042603,0.00046497866,0.0022185494,-0.00095127244,-0.0009932603,0.0016612116,0.002406384,0.00055721216,0.00021269299,-0.00090613985,-0.0017985954,-0.002512021],[0.00036043036,0.002220544,-0.9794333,-0.0022219273,0.0010549848,-0.0009540538,0.00010648995,0.9356652,0.00021156725,0.00054833066,-0.004039426,-0.0022479608,-0.0028989054,0.001146852,0.0018740123,0.0021793384,0.003101018,0.0016820394,-0.0014758877,-0.00079898094],[-0.0009830862,-0.0012248084,0.0015130065,0.0001429002,-0.98993665,0.0056170262,0.0010042603,0.00021156725,0.95892096,0.0012267886,0.002036116,0.00200376,0.00030996944,0.0014692496,0.00053973205,0.0004782972,0.0015909888,-0.00046398168,-0.0006920884,-0.0014444285],[-0.00077012327,0.0013309738,-0.0005745107,-0.00047829802,-0.001273981,-0.001277151,0.00046497866,0.00054833066,0.0012267886,0.000004430016,-0.0000012032888,0.0000033702402,-0.000005145714,0.0000052465857,-0.0000022107063,0.000005481458,0.0000011197538,-8.205443e-7,0.000002839641,-0.000007905272],[-0.0008494654,-0.0024442528,0.0042415694,-0.0022687018,-0.0020932849,0.0023678353,0.0022185494,-0.004039426,0.002036116,-0.0000012032888,0.000033285596,0.000007920133,0.000016625674,-6.5710935e-7,0.000008197445,-0.0000139808735,-0.0000047033486,-0.000008608461,-0.000008929356,0.0000037726302],[-0.00037405104,0.0017630073,0.002351067,0.0009843648,-0.002081877,-0.001696979,-0.00095127244,-0.0022479608,0.00200376,0.0000033702402,0.000007920133,0.000013706151,0.0000042362444,9.679371e-7,-0.000012643896,-1.356722e-7,-0.000007995387,-0.0000052420737,0.000011035598,-0.0000047921467],[0.00019184937,-0.0024873284,0.0030407507,0.0010272871,-0.00030777836,0.0023962634,-0.0009932603,-0.0028989054,0.00030996944,-0.000005145714,0.000016625674,0.0000042362444,0.000016143867,-0.000007846198,0.0000016629191,-0.000013805204,-0.0000042119664,-0.0000028271518,-0.0000038660505,0.000013369086],[-0.0003847535,0.0012362048,-0.0011992853,-0.0017076564,-0.0015239194,-0.0011814192,0.0016612116,0.001146852,0.0014692496,0.0000052465857,-6.5710935e-7,9.679371e-7,-0.000007846198,0.000008132368,0.0000023940327,0.000007566303,0.000004009087,-9.624256e-7,-8.9237443e-7,-0.00001172506],[-0.00011827955,-0.0040394724,-0.0019469635,-0.0024759984,-0.0005308707,0.003908297,0.002406384,0.0018740123,0.00053973205,-0.0000022107063,0.000008197445,-0.000012643896,0.0000016629191,0.0000023940327,0.000025910753,-0.00000494008,0.000015845686,0.0000035407452,-0.000024091543,0.000005902644],[0.00034834514,0.0027724216,-0.002287653,-0.00057602,-0.00050876464,-0.0026696152,0.00055721216,0.0021793384,0.0004782972,0.000005481458,-0.0000139808735,-1.356722e-7,-0.000013805204,0.000007566303,-0.00000494008,0.000013238516,0.0000025346847,0.0000013017982,0.0000063545963,-0.000014109909],[0.000151811,-0.0020881067,-0.0032372961,-0.00022351246,-0.001625315,0.0020269586,0.00021269299,0.003101018,0.0015909888,0.0000011197538,-0.0000047033486,-0.000007995387,-0.0000042119664,0.000004009087,0.000015845686,0.0000025346847,0.000017253788,0.0000059670756,-0.000014897594,0.0000018360929],[-0.00012373741,-0.0006674233,-0.0017605921,0.0009262277,0.000486202,0.00064230134,-0.00090613985,0.0016820394,-0.00046398168,-8.205443e-7,-0.000008608461,-0.0000052420737,-0.0000028271518,-9.624256e-7,0.0000035407452,0.0000013017982,0.0000059670756,0.0000045514576,-0.0000033613487,0.000004077948],[-0.00009166398,0.0041463138,0.0015304061,0.0018502967,0.0006877234,-0.0040103565,-0.0017985954,-0.0014758877,-0.0006920884,0.000002839641,-0.000008929356,0.000011035598,-0.0000038660505,-8.9237443e-7,-0.000024091543,0.0000063545963,-0.000014897594,-0.0000033613487,0.000022901359,-0.000007861793],[-0.00048731093,-0.0036648726,0.0008414729,0.002579504,0.0015151039,0.0035242634,-0.002512021,-0.00079898094,-0.0014444285,-0.000007905272,0.0000037726302,-0.0000047921467,0.000013369086,-0.00001172506,0.000005902644,-0.000014109909,0.0000018360929,0.000004077948,-0.000007861793,0.00002272925]],"hovertemplate":"In: %{x}\u003cbr\u003e\nOut: %{y}\u003cbr\u003e\nWeight: %{customdata:0.2f}\n","z":[[[179,3,38,255],[220,220,221,255],[220,220,221,255],[221,220,219,255],[221,220,219,255],[221,220,219,255],[221,220,219,255],[221,220,219,255],[220,220,221,255],[220,220,221,255],[220,220,221,255],[220,220,221,255],[221,220,219,255],[220,220,221,255],[220,220,221,255],[221,220,219,255],[221,220,219,255],[220,220,221,255],[220,220,221,255],[220,220,221,255]],[[220,220,221,255],[179,3,38,255],[220,220,221,255],[221,220,219,255],[220,220,221,255],[59,77,193,255],[220,220,221,255],[221,220,219,255],[220,220,221,255],[221,220,219,255],[220,220,221,255],[221,220,219,255],[220,220,221,255],[221,220,219,255],[220,220,221,255],[221,220,219,255],[220,220,221,255],[220,220,221,255],[221,220,219,255],[220,220,221,255]],[[220,220,221,255],[220,220,221,255],[179,3,38,255],[221,220,219,255],[220,220,221,255],[221,220,219,255],[221,220,219,255],[60,79,195,255],[221,220,219,255],[220,220,221,255],[221,220,219,255],[221,220,219,255],[221,220,219,255],[220,220,221,255],[220,220,221,255],[220,220,221,255],[220,220,221,255],[220,220,221,255],[221,220,219,255],[221,220,219,255]],[[221,220,219,255],[221,220,219,255],[221,220,219,255],[179,3,38,255],[221,220,219,255],[220,220,221,255],[58,76,192,255],[220,220,221,255],[221,220,219,255],[220,220,221,255],[220,220,221,255],[221,220,219,255],[221,220,219,255],[220,220,221,255],[220,220,221,255],[220,220,221,255],[220,220,221,255],[221,220,219,255],[221,220,219,255],[221,220,219,255]],[[221,220,219,255],[220,220,221,255],[220,220,221,255],[221,220,219,255],[179,3,38,255],[221,220,219,255],[220,220,221,255],[221,220,219,255],[59,77,193,255],[220,220,221,255],[220,220,221,255],[220,220,221,255],[220,220,221,255],[220,220,221,255],[220,220,221,255],[220,220,221,255],[220,220,221,255],[221,220,219,255],[221,220,219,255],[221,220,219,255]],[[221,220,219,255],[59,77,193,255],[221,220,219,255],[220,220,221,255],[221,220,219,255],[187,26,43,255],[221,220,219,255],[220,220,221,255],[221,220,219,255],[220,220,221,255],[221,220,219,255],[220,220,221,255],[221,220,219,255],[220,220,221,255],[221,220,219,255],[220,220,221,255],[221,220,219,255],[221,220,219,255],[220,220,221,255],[221,220,219,255]],[[221,220,219,255],[220,220,221,255],[221,220,219,255],[58,76,192,255],[220,220,221,255],[221,220,219,255],[184,17,41,255],[221,220,219,255],[221,220,219,255],[221,220,219,255],[221,220,219,255],[220,220,221,255],[220,220,221,255],[221,220,219,255],[221,220,219,255],[221,220,219,255],[221,220,219,255],[220,220,221,255],[220,220,221,255],[220,220,221,255]],[[221,220,219,255],[221,220,219,255],[60,79,195,255],[220,220,221,255],[221,220,219,255],[220,220,221,255],[221,220,219,255],[191,40,46,255],[221,220,219,255],[221,220,219,255],[220,220,221,255],[220,220,221,255],[220,220,221,255],[221,220,219,255],[221,220,219,255],[221,220,219,255],[221,220,219,255],[221,220,219,255],[220,220,221,255],[220,220,221,255]],[[220,220,221,255],[220,220,221,255],[221,220,219,255],[221,220,219,255],[59,77,193,255],[221,220,219,255],[221,220,219,255],[221,220,219,255],[187,26,43,255],[221,220,219,255],[221,220,219,255],[221,220,219,255],[221,220,219,255],[221,220,219,255],[221,220,219,255],[221,220,219,255],[221,220,219,255],[220,220,221,255],[220,220,221,255],[220,220,221,255]],[[220,220,221,255],[221,220,219,255],[220,220,221,255],[220,220,221,255],[220,220,221,255],[220,220,221,255],[221,220,219,255],[221,220,219,255],[221,220,219,255],[221,220,219,255],[220,220,221,255],[221,220,219,255],[220,220,221,255],[221,220,219,255],[220,220,221,255],[221,220,219,255],[221,220,219,255],[220,220,221,255],[221,220,219,255],[220,220,221,255]],[[220,220,221,255],[220,220,221,255],[221,220,219,255],[220,220,221,255],[220,220,221,255],[221,220,219,255],[221,220,219,255],[220,220,221,255],[221,220,219,255],[220,220,221,255],[221,220,219,255],[221,220,219,255],[221,220,219,255],[220,220,221,255],[221,220,219,255],[220,220,221,255],[220,220,221,255],[220,220,221,255],[220,220,221,255],[221,220,219,255]],[[220,220,221,255],[221,220,219,255],[221,220,219,255],[221,220,219,255],[220,220,221,255],[220,220,221,255],[220,220,221,255],[220,220,221,255],[221,220,219,255],[221,220,219,255],[221,220,219,255],[221,220,219,255],[221,220,219,255],[221,220,219,255],[220,220,221,255],[220,220,221,255],[220,220,221,255],[220,220,221,255],[221,220,219,255],[220,220,221,255]],[[221,220,219,255],[220,220,221,255],[221,220,219,255],[221,220,219,255],[220,220,221,255],[221,220,219,255],[220,220,221,255],[220,220,221,255],[221,220,219,255],[220,220,221,255],[221,220,219,255],[221,220,219,255],[221,220,219,255],[220,220,221,255],[221,220,219,255],[220,220,221,255],[220,220,221,255],[220,220,221,255],[220,220,221,255],[221,220,219,255]],[[220,220,221,255],[221,220,219,255],[220,220,221,255],[220,220,221,255],[220,220,221,255],[220,220,221,255],[221,220,219,255],[221,220,219,255],[221,220,219,255],[221,220,219,255],[220,220,221,255],[221,220,219,255],[220,220,221,255],[221,220,219,255],[221,220,219,255],[221,220,219,255],[221,220,219,255],[220,220,221,255],[220,220,221,255],[220,220,221,255]],[[220,220,221,255],[220,220,221,255],[220,220,221,255],[220,220,221,255],[220,220,221,255],[221,220,219,255],[221,220,219,255],[221,220,219,255],[221,220,219,255],[220,220,221,255],[221,220,219,255],[220,220,221,255],[221,220,219,255],[221,220,219,255],[221,220,219,255],[220,220,221,255],[221,220,219,255],[221,220,219,255],[220,220,221,255],[221,220,219,255]],[[221,220,219,25