<div>                        <script type="text/javascript">window.PlotlyConfig = {MathJaxConfig: 'local'};</script>
        <script charset="utf-8" src="https://cdn.plot.ly/plotly-2.35.2.min.js"></script>                <div id="19b6cfbb-ea68-4fec-b6d5-1a7cfc12a13e" class="plotly-graph-div" style="height:700px; width:600px;"></div>            <script type="text/javascript">                                    window.PLOTLYENV=window.PLOTLYENV || {};                                    if (document.getElementById("19b6cfbb-ea68-4fec-b6d5-1a7cfc12a13e")) {                    Plotly.newPlot(                        "19b6cfbb-ea68-4fec-b6d5-1a7cfc12a13e",                        [{"marker":{"cmax":1,"cmin":0,"color":[0.0035116717,0.0038731156,0.0037203487,0.003791285,0.0037410834,0.9975736,0.99744105,0.99702036,0.996777,0.99545443,0.99471694,0.99649286,0.994269,0.987589,0.98954886,0.9820836,0.9724531,0.97848624,0.98633146,0.9858628]},"width":0.9,"x":[0,1,2,3,4,5,6,7,8,9,10,11,12,13,14,15,16,17,18,19],"y":[1.0000429,1.000066,1.0001298,1.0001719,1.0003335,0.0041178805,0.0036003944,0.0031950497,0.00301036,0.0022020976,0.0016787859,0.0023393624,0.0015642606,0.0007912586,0.0009096265,0.00054108276,0.0003475046,0.0004453248,0.0006871769,0.0006647517],"type":"bar","xaxis":"x","yaxis":"y"},{"colormodel":"rgba256","customdata":[[1.0000858,0.000024597288,0.00012760215,0.00015336544,0.00006844994,-0.002546394,-0.0003138539,0.0016118627,-0.0010959689,0.001138101,0.00009809905,-0.00051087735,-0.0004206392,-0.00021403944,-0.0002927319,0.00004143771,-0.000081862534,-0.000065207554,0.00007813613,0.00011433518],[0.000024597288,1.0001323,0.00025591825,0.0002032763,0.00022745486,-0.0023001428,0.0017851419,0.00090130017,-0.0019036921,0.001281509,0.0001914343,-0.00037937114,0.00015801821,0.00011027045,-0.00009400921,-0.0000081915805,0.00022791904,-0.000083083476,0.000033299602,0.000039619048],[0.00012760215,0.00025591825,1.0002596,0.00043611185,0.00041261208,0.0010923003,-0.0026542032,-0.00077960215,-0.0005746286,-0.0010372548,-0.0006384373,-0.0012694319,0.00090699946,0.00018043164,0.000027818964,0.0004087943,0.0000028457384,0.000008576449,0.00026880737,0.00019072252],[0.00015336544,0.0002032763,0.00043611185,1.0003439,0.00057204044,0.0012049496,-0.00039378353,-0.002457317,-0.0014620502,0.0008124601,-0.0010253995,-0.0010772538,0.00069843984,0.00023507759,0.0006106754,-0.00013617484,0.00014845147,0.00021778581,0.00023604638,0.00028649322],[0.00006844994,0.00022745486,0.00041261208,0.00057204044,1.0006671,-0.0015927515,-0.0015757782,-0.0003929803,0.0013307292,-0.0004187831,-0.0011474184,-0.001517869,0.0009682719,-0.0006930954,0.0005999051,0.00032474974,0.00020042309,0.00037394348,0.00058108574,0.0005562411],[-0.002546394,-0.0023001428,0.0010923003,0.0012049496,-0.0015927515,0.000016956941,-0.0000041737317,-0.00000936685,0.0000026592961,-0.000005332715,-7.975428e-7,0.0000019034958,9.996413e-7,0.0000018755865,7.732566e-7,-3.2108508e-7,-4.527333e-7,3.3745884e-8,-6.222596e-7,-7.139342e-7],[-0.0003138539,0.0017851419,-0.0026542032,-0.00039378353,-0.0015757782,-0.0000041737317,0.000012962839,0.0000047545273,-0.000003053367,0.0000050247945,0.000004212673,0.0000056614626,-0.0000037899156,7.8397466e-7,-0.000001333433,-0.0000015699136,5.156913e-8,-8.245719e-7,-0.0000016852042,-0.0000014587633],[0.0016118627,0.00090130017,-0.00077960215,-0.002457317,-0.0003929803,-0.00000936685,0.0000047545273,0.000010208343,3.4053258e-8,0.0000019664878,0.0000037956295,0.0000030626356,-0.000003336327,-6.9232044e-7,-0.0000023131674,-5.1456556e-8,-3.7170258e-7,-8.68024e-7,-8.604829e-7,-8.498184e-7],[-0.0010959689,-0.0019036921,-0.0005746286,-0.0014620502,0.0013307292,0.0000026592961,-0.000003053367,3.4053258e-8,0.000009062268,-0.000004835839,-1.345903e-7,0.0000015636175,-9.188874e-8,-0.0000013452628,3.89909e-7,3.6703798e-7,-2.9584916e-7,4.042341e-7,1.2546943e-7,1.1776682e-8],[0.001138101,0.001281509,-0.0010372548,0.0008124601,-0.0004187831,-0.000005332715,0.0000050247945,0.0000019664878,-0.000004835839,0.0000048492334,6.670212e-7,1.0312061e-8,-0.000001055508,1.9184087e-7,-2.3764102e-7,-6.3419685e-7,2.3261518e-7,-1.6928917e-7,-1.9898141e-7,-1.7271638e-8],[0.00009809905,0.0001914343,-0.0006384373,-0.0010253995,-0.0011474184,-7.975428e-7,0.000004212673,0.0000037956295,-1.345903e-7,6.670212e-7,0.0000028183224,0.0000035285757,-0.0000024140004,4.3853265e-7,-0.00000137743,-4.907172e-7,-3.4779538e-7,-6.793731e-7,-0.0000010648495,-0.0000010334992],[-0.00051087735,-0.00037937114,-0.0012694319,-0.0010772538,-0.001517869,0.0000019034958,0.0000056614626,0.0000030626356,0.0000015636175,1.0312061e-8,0.0000035285757,0.0000054726165,-0.0000032135922,6.3642966e-7,-0.0000014161667,-8.820983e-7,-5.114673e-7,-7.470868e-7,-0.0000015278035,-0.0000014662625],[-0.0004206392,0.00015801821,0.00090699946,0.00069843984,0.0009682719,9.996413e-7,-0.0000037899156,-0.000003336327,-9.188874e-8,-0.000001055508,-0.0000024140004,-0.0000032135922,0.0000024469114,-2.3527055e-7,0.0000011394482,5.7069855e-7,3.7020314e-7,5.355428e-7,9.4232684e-7,8.684898e-7],[-0.00021403944,0.00011027045,0.00018043164,0.00023507759,-0.0006930954,0.0000018755865,7.8397466e-7,-6.9232044e-7,-0.0000013452628,1.9184087e-7,4.3853265e-7,6.3642966e-7,-2.3527055e-7,6.260902e-7,-2.1463221e-7,-1.9300715e-7,-6.0748974e-8,-2.0149822e-7,-3.115717e-7,-3.0363688e-7],[-0.0002927319,-0.00009400921,0.000027818964,0.0006106754,0.0005999051,7.732566e-7,-0.000001333433,-0.0000023131674,3.89909e-7,-2.3764102e-7,-0.00000137743,-0.0000014161667,0.0000011394482,-2.1463221e-7,8.2742025e-7,1.1131717e-7,2.1323994e-7,3.8411073e-7,4.7354263e-7,4.7610476e-7],[0.00004143771,-0.0000081915805,0.0004087943,-0.00013617484,0.00032474974,-3.2108508e-7,-0.0000015699136,-5.1456556e-8,3.6703798e-7,-6.3419685e-7,-4.907172e-7,-8.820983e-7,5.7069855e-7,-1.9300715e-7,1.1131717e-7,2.9277058e-7,4.0636483e-8,9.309512e-8,2.691022e-7,2.2369467e-7],[-0.000081862534,0.00022791904,0.0000028457384,0.00014845147,0.00020042309,-4.527333e-7,5.156913e-8,-3.7170258e-7,-2.9584916e-7,2.3261518e-7,-3.4779538e-7,-5.114673e-7,3.7020314e-7,-6.0748974e-8,2.1323994e-7,4.0636483e-8,1.2075945e-7,9.3570016e-8,1.5320207e-7,1.5397613e-7],[-0.000065207554,-0.000083083476,0.000008576449,0.00021778581,0.00037394348,3.3745884e-8,-8.245719e-7,-8.68024e-7,4.042341e-7,-1.6928917e-7,-6.793731e-7,-7.470868e-7,5.355428e-7,-2.0149822e-7,3.8411073e-7,9.309512e-8,9.3570016e-8,1.983142e-7,2.6280875e-7,2.6095975e-7],[0.00007813613,0.000033299602,0.00026880737,0.00023604638,0.00058108574,-6.222596e-7,-0.0000016852042,-8.604829e-7,1.2546943e-7,-1.9898141e-7,-0.0000010648495,-0.0000015278035,9.4232684e-7,-3.115717e-7,4.7354263e-7,2.691022e-7,1.5320207e-7,2.6280875e-7,4.7221212e-7,4.5174824e-7],[0.00011433518,0.000039619048,0.00019072252,0.00028649322,0.0005562411,-7.139342e-7,-0.0000014587633,-8.498184e-7,1.1776682e-8,-1.7271638e-8,-0.0000010334992,-0.0000014662625,8.684898e-7,-3.0363688e-7,4.7610476e-7,2.2369467e-7,1.5397613e-7,2.6095975e-7,4.5174824e-7,4.418948e-7]],"hovertemplate":"In: %{x}\u003cbr\u003e\nOut: %{y}\u003cbr\u003e\nWeight: %{customdata:0.2f}\n","z":[[[179,3,38,255],[221,220,219,255],[221,220,219,255],[221,220,219,255],[221,220,219,255],[220,220,221,255],[220,220,221,255],[221,220,219,255],[220,220,221,255],[221,220,219,255],[221,220,219,255],[220,220,221,255],[220,220,221,255],[220,220,221,255],[220,220,221,255],[221,220,219,255],[220,220,221,255],[220,220,221,255],[221,220,219,255],[221,220,219,255]],[[221,220,219,255],[179,3,38,255],[221,220,219,255],[221,220,219,255],[221,220,219,255],[220,220,221,255],[221,220,219,255],[221,220,219,255],[220,220,221,255],[221,220,219,255],[221,220,219,255],[220,220,221,255],[221,220,219,255],[221,220,219,255],[220,220,221,255],[220,220,221,255],[221,220,219,255],[220,220,221,255],[221,220,219,255],[221,220,219,255]],[[221,220,219,255],[221,220,219,255],[179,3,38,255],[221,220,219,255],[221,220,219,255],[221,220,219,255],[220,220,221,255],[220,220,221,255],[220,220,221,255],[220,220,221,255],[220,220,221,255],[220,220,221,255],[221,220,219,255],[221,220,219,255],[221,220,219,255],[221,220,219,255],[221,220,219,255],[221,220,219,255],[221,220,219,255],[221,220,219,255]],[[221,220,219,255],[221,220,219,255],[221,220,219,255],[179,3,38,255],[221,220,219,255],[221,220,219,255],[220,220,221,255],[220,220,221,255],[220,220,221,255],[221,220,219,255],[220,220,221,255],[220,220,221,255],[221,220,219,255],[221,220,219,255],[221,220,219,255],[220,220,221,255],[221,220,219,255],[221,220,219,255],[221,220,219,255],[221,220,219,255]],[[221,220,219,255],[221,220,219,255],[221,220,219,255],[221,220,219,255],[179,3,38,255],[220,220,221,255],[220,220,221,255],[220,220,221,255],[221,220,219,255],[220,220,221,255],[220,220,221,255],[220,220,221,255],[221,220,219,255],[220,220,221,255],[221,220,219,255],[221,220,219,255],[221,220,219,255],[221,220,219,255],[221,220,219,255],[221,220,219,255]],[[220,220,221,255],[220,220,221,255],[221,220,219,255],[221,220,219,255],[220,220,221,255],[221,220,219,255],[220,220,221,255],[220,220,221,255],[221,220,219,255],[220,220,221,255],[220,220,221,255],[221,220,219,255],[221,220,219,255],[221,220,219,255],[221,220,219,255],[220,220,221,255],[220,220,221,255],[221,220,219,255],[220,220,221,255],[220,220,221,255]],[[220,220,221,255],[221,220,219,255],[220,220,221,255],[220,220,221,255],[220,220,221,255],[220,220,221,255],[221,220,219,255],[221,220,219,255],[220,220,221,255],[221,220,219,255],[221,220,219,255],[221,220,219,255],[220,220,221,255],[221,220,219,255],[220,220,221,255],[220,220,221,255],[221,220,219,255],[220,220,221,255],[220,220,221,255],[220,220,221,255]],[[221,220,219,255],[221,220,219,255],[220,220,221,255],[220,220,221,255],[220,220,221,255],[220,220,221,255],[221,220,219,255],[221,220,219,255],[221,220,219,255],[221,220,219,255],[221,220,219,255],[221,220,219,255],[220,220,221,255],[220,220,221,255],[220,220,221,255],[220,220,221,255],[220,220,221,255],[220,220,221,255],[220,220,221,255],[220,220,221,255]],[[220,220,221,255],[220,220,221,255],[220,220,221,255],[220,220,221,255],[221,220,219,255],[221,220,219,255],[220,220,221,255],[221,220,219,255],[221,220,219,255],[220,220,221,255],[220,220,221,255],[221,220,219,255],[220,220,221,255],[220,220,221,255],[221,220,219,255],[221,220,219,255],[220,220,221,255],[221,220,219,255],[221,220,219,255],[221,220,219,255]],[[221,220,219,255],[221,220,219,255],[220,220,221,255],[221,220,219,255],[220,220,221,255],[220,220,221,255],[221,220,219,255],[221,220,219,255],[220,220,221,255],[221,220,219,255],[221,220,219,255],[221,220,219,255],[220,220,221,255],[221,220,219,255],[220,220,221,255],[220,220,221,255],[221,220,219,255],[220,220,221,255],[220,220,221,255],[221,220,219,255]],[[221,220,219,255],[221,220,219,255],[220,220,221,255],[220,220,221,255],[220,220,221,255],[220,220,221,255],[221,220,219,255],[221,220,219,255],[220,220,221,255],[221,220,219,255],[221,220,219,255],[221,220,219,255],[220,220,221,255],[221,220,219,255],[220,220,221,255],[220,220,221,255],[220,220,221,255],[220,220,221,255],[220,220,221,255],[220,220,221,255]],[[220,220,221,255],[220,220,221,255],[220,220,221,255],[220,220,221,255],[220,220,221,255],[221,220,219,255],[221,220,219,255],[221,220,219,255],[221,220,219,255],[221,220,219,255],[221,220,219,255],[221,220,219,255],[220,220,221,255],[221,220,219,255],[220,220,221,255],[220,220,221,255],[220,220,221,255],[220,220,221,255],[220,220,221,255],[220,220,221,255]],[[220,220,221,255],[221,220,219,255],[221,220,219,255],[221,220,219,255],[221,220,219,255],[221,220,219,255],[220,220,221,255],[220,220,221,255],[220,220,221,255],[220,220,221,255],[220,220,221,255],[220,220,221,255],[221,220,219,255],[220,220,221,255],[221,220,219,255],[221,220,219,255],[221,220,219,255],[221,220,219,255],[221,220,219,255],[221,220,219,255]],[[220,220,221,255],[221,220,219,255],[221,220,219,255],[221,220,219,255],[220,220,221,255],[221,220,219,255],[221,220,219,255],[220,220,221,255],[220,220,221,255],[221,220,219,255],[221,220,219,255],[221,220,219,255],[220,220,221,255],[221,220,219,255],[220,220,221,255],[220,220,221,255],[220,220,221,255],[220,220,221,255],[220,220,221,255],[220,220,221,255]],[[220,220,221,255],[220,220,221,255],[221,220,219,255],[221,220,219,255],[221,220,219,255],[221,220,219,255],[220,220,221,255],[220,220,221,255],[221,220,219,255],[220,220,221,255],[220,220,221,255],[220,220,221,255],[221,220,219,255],[220,220,221,255],[221,220,219,255],[221,220,219,255],[221,220,219,255],[221,220,219,255],[221,220,219,255],[221,220,219,255]],[[221,220,219,255],[220,220,221,255],[221,220,219,255],[220,220,221,255],[221,220,219,255],[220,220,221,255],[220,220,221,255],[220,220,221,255],[221,220,219,255],[220,220,221,255],[220,220,221,255],[220,220,221,255],[221,220,219,255],[220,220,221,255],[221,220,219,255],[221,220,219,255],[221,220,219,255],[221,220,219,255],[221,220,219,255],[221,220,219,255]],[[220,220,221,255],[221,220,219,255],[221,220,219,255],[221,220,219,255],[221,220,219,255],[220,220,221,255],[221,220,219,255],[220,220,221,255],[220,220,221,255],[221,220,219,255],[220,220,221,255],[220,220,221,255],[221,220,219,255],[220,220,221,255],[221,220,219,255],[221,220,219,255],[221,220,219,255],[221,220,219,255],[221,220,219,255],[221,220,219,255]],[[220,220,221,255],[220,220,221,255],[221,220,219,255],[221,220,219,255],[221,220,219,255],[221,220,219,255],[220,220,221,255],[220,220,221,255],[221,220,219,255],[220,220,221,255],[220,220,221,255],[220,220,221,255],[221,220,219,255],[220,220,221,255],[221,220,219,255],[221,220,219,255],[221,220,219,255],[221,220,219,255],[221,220,219,255],[221,220,219,255]],[[221,220,219,255],[221,220,219,255],[221,220,219,255],[221,220,219,255],[221,220,219,255],[220,220,221,255],[220,220,221,255],[220,220,221,255],[221,220,219,255],[220,220,221,255],[220,220,221,255],[220,220,221,255],[221,220,219,255],[220,220,221,255],[221,220,219,255],[221,220,219,255],[221,220,219,255],[221,220,219,255],[221,220,219,255],[221,220,219,255]],[[221,220,219,255],[221,220,219,255],[221,220,219,255],[221,220,219,255],[221,220,219,255],[220,220,221,255],[220,220,221,255],[220,220,221,255],[221,220,219,255],[221,220,219,255],[220,220,221,255],[220,220,221,255],[221,220,219,255],[220,220,221,255],[221,220,219,255],[221,220,219,255],[221,220,219,255],[221,220,219,255],[221,220,219,255],[221,220,219,255]]],"type":"image","xaxis":"x2","yaxis":"y2"},{"marker":{"cmax":1,"cmin":0,"color":[0.0036327823,0.0055106943,0.95961577,0.9235164,1.0289775,0.9644683,1.0310464,1.0296605,1.3820093,1.2598312,1.2466046,1.3807117,1.3987124,1.3883225,1.4015965,1.396092,1.396027,1.3977731,1.3836128,1.3853552]},"width":0.9,"x":[0,1,2,3,4,5,6,7,8,9,10,11,12,13,14,15,16,17,18,19],"y":[1.0010512,1.000875,1.0289245,1.031003,0.95957947,1.0296683,0.9234684,0.9644519,0.005831063,0.0012567829,0.0029726152,0.005425705,0.0055451305,0.0018666103,0.001959869,0.0022865236,0.004756415,0.0073032323,0.0034025423,0.0014244061],"type":"bar","xaxis":"x3","yaxis":"y3"},{"colormodel":"rgba256","customdata":[[1.0021036,0.00014958715,0.00019377923,0.0007155531,0.00029928394,-0.0029312216,-0.00032804883,0.0014952469,-0.00030675653,-0.00024725698,0.0011073614,0.000027546186,-0.00027856152,-0.00026229676,-0.00008296781,-0.000088522596,-0.000022496577,0.00026638058,-0.000090069385,0.00007280343],[0.00014958715,1.0017508,-0.0014219877,-0.002750164,-0.0028348358,-0.0018265028,0.0018528039,0.0011034978,0.001070355,-0.0007025916,0.0015089613,-0.0006161041,-0.00035611363,-0.0002518908,-0.00003064828,0.0000020956038,-0.00015623937,0.0004854764,-0.00019161038,0.00008346427],[0.00019377923,-0.0014219877,1.0586857,0.0022134332,-0.9873203,0.0035554536,0.0019300425,-0.00094013754,0.0032817249,0.00007060887,0.0007667583,-0.0018592826,-0.0051671537,-0.0013371467,0.0018377494,0.0018259689,0.0013534137,-0.006507312,0.0012798414,-0.001115623],[0.0007155531,-0.002750164,0.0022134332,1.0629673,-0.00010483816,0.0037947043,-0.95209026,0.003131355,0.0041654487,0.000912428,0.0020159045,0.0052254624,0.002173117,-0.0004486543,-0.00006717039,-0.0009400624,0.003315257,0.0037083973,-0.0031041587,-0.00094797753],[0.00029928394,-0.0028348358,-0.9873203,-0.00010483816,0.9207927,-0.005803894,-0.003553822,0.003221524,-0.0030635835,-0.000062574516,-0.00071474526,0.0017468007,0.0048219925,0.0012500713,-0.0017158622,-0.001701975,-0.0012633717,0.0060736807,-0.0011962084,0.0010384246],[-0.0029312216,-0.0018265028,0.0035554536,0.0037947043,-0.005803894,1.0602169,-0.0027435492,-0.99303925,0.002606457,0.0005111924,-0.0010010401,-0.00027887046,0.00093378336,-0.0012554378,0.00082897715,-0.0011402774,0.003360936,-0.000032375774,-0.0009843532,-0.000025648202],[-0.00032804883,0.0018528039,0.0019300425,-0.95209026,-0.003553822,-0.0027435492,0.85279393,-0.0034098034,-0.0037180474,-0.0008163475,-0.0018039887,-0.004687115,-0.0019648548,0.00039623238,0.00006744571,0.00084803975,-0.0029623637,-0.0033458804,0.0027846203,0.00084494305],[0.0014952469,0.0011034978,-0.00094013754,0.003131355,0.003221524,-0.99303925,-0.0034098034,0.9301675,-0.0024080977,-0.00047220613,0.000949765,0.0002902032,-0.00087202975,0.00117059,-0.0007726564,0.0010663656,-0.0031241048,0.000038410322,0.00090560573,0.000015423055],[-0.00030675653,0.001070355,0.0032817249,0.0041654487,-0.0030635835,0.002606457,-0.0037180474,-0.0024080977,0.000034001292,0.000004337471,0.000009109949,0.000013320154,-0.0000054803977,-0.000009129661,0.0000074174354,-7.870277e-7,0.000025147758,-0.0000052189093,-0.000010756683,-0.000007138713],[-0.00024725698,-0.0007025916,0.00007060887,0.000912428,-0.000062574516,0.0005111924,-0.0008163475,-0.00047220613,0.000004337471,0.0000015795033,-3.178523e-8,0.000004641489,0.0000022977943,-8.255507e-7,4.944946e-7,-0.0000012133186,0.0000046364794,0.0000023443774,-0.0000028875324,-9.684537e-7],[0.0011073614,0.0015089613,0.0007667583,0.0020159045,-0.00071474526,-0.0010010401,-0.0018039887,0.000949765,0.000009109949,-3.178523e-8,0.000008836443,0.000007951733,-0.0000013450021,-0.000001302268,2.818799e-7,5.232733e-7,0.0000038394687,0.0000033891836,-0.0000044300305,-0.000002381237],[0.000027546186,-0.0006161041,-0.0018592826,0.0052254624,0.0017468007,-0.00027887046,-0.004687115,0.0002902032,0.000013320154,0.000004641489,0.000007951733,0.000029438277,0.000019768064,6.4719325e-7,-0.0000037885693,-0.0000075385406,0.000013084442,0.000029457808,-0.000017144981,-0.0000027341437],[-0.00027856152,-0.00035611363,-0.0051671537,0.002173117,0.0048219925,0.00093378336,-0.0019648548,-0.00087202975,-0.0000054803977,0.0000022977943,-0.0000013450021,0.000019768064,0.00003074847,0.0000046629457,-0.000008351184,-0.000011843237,0.000003230049,0.00003914051,-0.000013403618,0.0000034371453],[-0.00026229676,-0.0002518908,-0.0013371467,-0.0004486543,0.0012500713,-0.0012554378,0.00039623238,0.00117059,-0.000009129661,-8.255507e-7,-0.000001302268,6.4719325e-7,0.0000046629457,0.0000034842337,-0.0000032329094,-5.3919536e-7,-0.00000700004,0.000006490877,9.139478e-7,0.0000017876865],[-0.00008296781,-0.00003064828,0.0018377494,-0.00006717039,-0.0017158622,0.00082897715,0.00006744571,-0.0007726564,0.0000074174354,4.944946e-7,2.818799e-7,-0.0000037885693,-0.000008351184,-0.0000032329094,0.0000038410867,0.000002352716,0.000004729614,-0.000011597513,0.0000016829946,-0.0000018958825],[-0.000088522596,0.0000020956038,0.0018259689,-0.0009400624,-0.001701975,-0.0011402774,0.00084803975,0.0010663656,-7.870277e-7,-0.0000012133186,5.232733e-7,-0.0000075385406,-0.000011843237,-5.3919536e-7,0.000002352716,0.0000052281903,-0.0000042116008,-0.000014526964,0.0000060284256,-0.0000010711835],[-0.000022496577,-0.00015623937,0.0013534137,0.003315257,-0.0012633717,0.003360936,-0.0029623637,-0.0031241048,0.000025147758,0.0000046364794,0.0000038394687,0.000013084442,0.000003230049,-0.00000700004,0.000004729614,-0.0000042116008,0.000022623482,0.000003132484,-0.000011100081,-0.0000044437784],[0.00026638058,0.0004854764,-0.006507312,0.0037083973,0.0060736807,-0.000032375774,-0.0033458804,0.000038410322,-0.0000052189093,0.0000023443774,0.0000033891836,0.000029457808,0.00003914051,0.000006490877,-0.000011597513,-0.000014526964,0.000003132484,0.000053337204,-0.000018844356,0.000003604531],[-0.000090069385,-0.00019161038,0.0012798414,-0.0031041587,-0.0011962084,-0.0009843532,0.0027846203,0.00090560573,-0.000010756683,-0.0000028875324,-0.0000044300305,-0.000017144981,-0.000013403618,9.139478e-7,0.0000016829946,0.0000060284256,-0.000011100081,-0.000018844356,0.000011577293,0.0000014098413],[0.00007280343,0.00008346427,-0.001115623,-0.00094797753,0.0010384246,-0.000025648202,0.00084494305,0.000015423055,-0.000007138713,-9.684537e-7,-0.000002381237,-0.0000027341437,0.0000034371453,0.0000017876865,-0.0000018958825,-0.0000010711835,-0.0000044437784,0.000003604531,0.0000014098413,0.0000020289326]],"hovertemplate":"In: %{x}\u003cbr\u003e\nOut: %{y}\u003cbr\u003e\nWeight: %{customdata:0.2f}\n","z":[[[179,3,38,255],[221,220,219,255],[221,220,219,255],[221,220,219,255],[221,220,219,255],[220,220,221,255],[220,220,221,255],[221,220,219,255],[220,220,221,255],[220,220,221,255],[221,220,219,255],[221,220,219,255],[220,220,221,255],[220,220,221,255],[220,220,221,255],[220,220,221,255],[220,220,221,255],[221,220,219,255],[220,220,221,255],[221,220,219,255]],[[221,220,219,255],[179,3,38,255],[220,220,221,255],[220,220,221,255],[220,220,221,255],[220,220,221,255],[221,220,219,255],[221,220,219,255],[221,220,219,255],[220,220,221,255],[221,220,219,255],[220,220,221,255],[220,220,221,255],[220,220,221,255],[220,220,221,255],[221,220,219,255],[220,220,221,255],[221,220,219,255],[220,220,221,255],[221,220,219,255]],[[221,220,219,255],[220,220,221,255],[179,3,38,255],[221,220,219,255],[59,77,193,255],[221,220,219,255],[221,220,219,255],[220,220,221,255],[221,220,219,255],[221,220,219,255],[221,220,219,255],[220,220,221,255],[220,220,221,255],[220,220,221,255],[221,220,219,255],[221,220,219,255],[221,220,219,255],[220,220,221,255],[221,220,219,255],[220,220,221,255]],[[221,220,219,255],[220,220,221,255],[221,220,219,255],[179,3,38,255],[220,220,221,255],[221,220,219,255],[65,86,201,255],[221,220,219,255],[221,220,219,255],[221,220,219,255],[221,220,219,255],[221,220,219,255],[221,220,219,255],[220,220,221,255],[220,220,221,255],[220,220,221,255],[221,220,219,255],[221,220,219,255],[220,220,221,255],[220,220,221,255]],[[221,220,219,255],[220,220,221,255],[59,77,193,255],[220,220,221,255],[194,45,49,255],[220,220,221,255],[220,220,221,255],[221,220,219,255],[220,220,221,255],[220,220,221,255],[220,220,221,255],[221,220,219,255],[221,220,219,255],[221,220,219,255],[220,220,221,255],[220,220,221,255],[220,220,221,255],[221,220,219,255],[220,220,221,255],[221,220,219,255]],[[220,220,221,255],[220,220,221,255],[221,220,219,255],[221,220,219,255],[220,220,221,255],[179,3,38,255],[220,220,221,255],[58,76,192,255],[221,220,219,255],[221,220,219,255],[220,220,221,255],[220,220,221,255],[221,220,219,255],[220,220,221,255],[221,220,219,255],[220,220,221,255],[221,220,219,255],[220,220,221,255],[220,220,221,255],[220,220,221,255]],[[220,220,221,255],[221,220,219,255],[221,220,219,255],[65,86,201,255],[220,220,221,255],[220,220,221,255],[205,66,58,255],[220,220,221,255],[220,220,221,255],[220,220,221,255],[220,220,221,255],[220,220,221,255],[220,220,221,255],[221,220,219,255],[221,220,219,255],[221,220,219,255],[220,220,221,255],[220,220,221,255],[221,220,219,255],[221,220,219,255]],[[221,220,219,255],[221,220,219,255],[220,220,221,255],[221,220,219,255],[221,220,219,255],[58,76,192,255],[220,220,221,255],[191,40,46,255],[220,220,221,255],[220,220,221,255],[221,220,219,255],[221,220,219,255],[220,220,221,255],[221,220,219,255],[220,220,221,255],[221,220,219,255],[220,220,221,255],[221,220,219,255],[221,220,219,255],[221,220,219,255]],[[220,220,221,255],[221,220,219,255],[221,220,219,255],[221,220,219,255],[220,220,221,255],[221,220,219,255],[220,220,221,255],[220,220,221,255],[221,220,219,255],[221,220,219,255],[221,220,219,255],[221,220,219,255],[220,220,221,255],[220,220,221,255],[221,220,219,255],[220,220,221,255],[221,220,219,255],[220,220,221,255],[220,220,221,255],[220,220,221,255]],[[220,220,221,255],[220,220,221,255],[221,220,219,255],[221,220,219,255],[220,220,221,255],[221,220,219,255],[220,220,221,255],[220,220,221,255],[221,220,219,255],[221,220,219,255],[220,220,221,255],[221,220,219,255],[221,220,219,255],[220,220,221,255],[221,220,219,255],[220,220,221,255],[221,220,219,255],[221,220,219,255],[220,220,221,255],[220,220,221,255]],[[221,220,219,255],[221,220,219,255],[221,220,219,255],[221,220,219,255],[220,220,221,255],[220,220,221,255],[220,220,221,255],[221,220,219,255],[221,220,219,255],[220,220,221,255],[221,220,219,255],[221,220,219,255],[220,220,221,255],[220,220,221,255],[221,220,219,255],[221,220,219,255],[221,220,219,255],[221,220,219,255],[220,220,221,255],[220,220,221,255]],[[221,220,219,255],[220,220,221,255],[220,220,221,255],[221,220,219,255],[221,220,219,255],[220,220,221,255],[220,220,221,255],[221,220,219,255],[221,220,219,255],[221,220,219,255],[221,220,219,255],[221,220,219,255],[221,220,219,255],[221,220,219,255],[220,220,221,255],[220,220,221,255],[221,220,219,255],[221,220,219,255],[220,220,221,255],[220,220,221,255]],[[220,220,221,255],[220,220,221,255],[220,220,221,255],[221,220,219,255],[221,220,219,255],[221,220,219,255],[220,220,221,255],[220,220,221,255],[220,220,221,255],[221,220,219,255],[220,220,221,255],[221,220,219,255],[221,220,219,255],[221,220,219,255],[220,220,221,255],[220,220,221,255],[221,220,219,255],[221,220,219,255],[220,220,221,255],[221,220,219,255]],[[220,220,221,255],[220,220,221,255],[220,220,221,255],[220,220,221,255],[221,220,219,255],[220,220,221,255],[221,220,219,255],[221,220,219,255],[220,220,221,255],[220,220,221,255],[220,220,221,255],[221,220,219,255],[221,220,219,255],[221,220,219,255],[220,220,221,255],[220,220,221,255],[220,220,221,255],[221,220,219,255],[221,220,219,255],[221,220,219,255]],[[220,220,221,255],[220,220,221,255],[221,220,219,255],[220,220,221,255],[220,220,221,255],[221,220,219,255],[221,220,219,255],[220,220,221,255],[221,220,219,255],[221,220,219,255],[221,220,219,255],[220,220,221,255],[220,220,221,255],[220,220,221,255],[221,220,219,255],[221,220,219,255],[221,220,219,255],[220,220,221,255],[221,220,219,255],[220,220,221,255]],[[220,220,221,255],[221,220,219,255],[221,220,219,255],[220,220,221,255],[220,220,221,255],[220,220,221,255],[221,220,219,255],[221,220,219,255],[220,220,221,255],[220,220,221,255],[221,220,219,255],[220,220,221,255],[220,220,221,255],[220,220,221,255],[221,220,219,255],[221,220,219,255],[220,220,221,255],[220,220,221,255],[221,220,219,255],[220,220,221,255]],[[220,220,221,255],[220,220,221,255],[221,220,219,255],[221,220,219,255],[220,220,221,255],[221,220,219,255],[220,220,221,255],[220,220,221,255],[221,220,219,255],[221,220,219,255],[221,220,219,255],[221,220,219,255],[221,220,219,255],[220,220,221,255],[221,220,219,255],[220,220,221,255],[221,220,219,255],[221,220,219,255],[220,220,221,255],[220,220,221,255]],[[221,220,219,255],[221,220,219,255],[220,220,221,255],[221,220,219,255],[221,220,219,255],[220,220,221,255],[220,220,221,255],[221,220,219,255],[220,220,221,255],[221,220,219,255],[221,220,219,255],[221,220,219,255],[221,220,219,255],[221,220,219,255],[220,220,221,255],[220,220,221,255],[221,220,219,255],[221,220,219,255],[220,220,221,255],[221,220,219,255]],[[220,220,221,255],[220,220,221,255],[221,220,219,255],[220,220,221,255],[220,220,221,255],[220,220,221,255],[221,220,219,255],[221,220,219,255],[220,220,221,255],[220,220,221,255],[220,220,221,255],[220,220,221,255],[220,220,221,255],[221,220,219,255],[221,220,219,255],[221,220,219,255],[220,220,221,255],[220,220,221,255],[221,220,219,255],[221,220,219,255]],[[221,220,219,255],[221,220,219,255],[220,220,221,255],[220,220,221,255],[221,220,219,255],[220,220,221,255],[221,220,219,255],[221,220,219,255],[220,220,221,255],[220,220,221,255],[220,220,221,255],[220,220,221,255],[221,220,219,255],[221,220,219,255],[220,220,221,255],[220,220,221,255],[220,220,221,255],[221,220,219,255],[221,220,219,255],[221,220,219,255]]],"type":"image","xaxis":"x4","yaxis":"y4"},{"marker":{"cmax":1,"cmin":0,"color":[0.9941903,0.007628597,0.9883077,1.0109508,0.9937991,1.013585,0.99736285,1.0070759,1.0113631,1.3990821,1.3471111,1.3933011,1.3726163,1.3989732,1.4082628,1.3907819,1.3999155,1.4088386,1.3998532,1.3910923]},"width":0.9,"x":[0,1,2,3,4,5,6,7,8,9,10,11,12,13,14,15,16,17,18,19],"y":[1.0109167,1.0015917,1.013567,0.9941567,1.0070668,0.98829323,1.0113554,0.99378943,0.99736303,0.005832053,0.0036393527,0.005243995,0.003999214,0.0019304364,0.002545603,0.0018720101,0.0023699098,0.0054803123,0.0017701917,0.0046698605],"type":"bar","xaxis":"x5","yaxis":"y5"},{"colormodel":"rgba256","customdata":[[1.0219526,0.0041505694,-0.0020524056,-1.0050063,-0.0012863441,-0.00020853906,0.0008863046,-0.0019318681,-0.003735119,-0.0013916927,0.0005888574,0.0040494497,0.0004552762,0.0012168349,-0.0010843374,-0.00009948353,0.0003245033,-0.0047021215,0.00017878364,-0.0030950627],[0.0041505694,1.0031861,0.0010431749,-0.0044834903,0.0011685357,-0.0026164039,-0.0002074975,-0.0013654345,-0.000546978,-0.001100875,-0.0015743655,-0.0012181741,0.0013480553,-0.0003216918,-0.00021802407,-0.00045605074,-0.00037088618,-0.0007178791,-0.00029680348,-0.0012062992],[-0.0020524056,0.0010431749,1.0273179,0.00008610451,-0.002367794,-1.0016973,-0.000151418,-0.000024362529,-0.0005368351,0.0030888086,0.00083553145,0.0023935197,0.003397558,-0.0014035597,0.0022967877,0.00050504226,-0.0010969103,-0.0010107732,-0.0001209038,-0.0029701365],[-1.0050063,-0.0044834903,0.00008610451,0.98834753,-0.00017149061,0.002088716,-0.000018130668,0.0033221014,0.0028311752,0.0013557264,-0.0005758879,-0.0039896485,-0.00045699137,-0.0011930569,0.001062768,0.000099176286,-0.0003136311,0.004625418,-0.00017650907,0.003052383],[-0.0012863441,0.0011685357,-0.002367794,-0.00017149061,1.0141835,0.0027095021,0.0018897431,-1.0008044,-0.0005000558,0.0044685868,-0.0012084582,0.0014342576,0.00076141796,-0.00038583245,-0.00038694157,-0.00048960507,-0.0019942464,0.0018076429,0.0013683327,-0.0013646549],[-0.00020853906,-0.0026164039,-1.0016973,0.002088716,0.0027095021,0.97672355,-0.00046434958,-0.00036466384,0.0011348844,-0.0030044417,-0.0008156868,-0.0023391554,-0.0033147603,0.0013660899,-0.002237051,-0.0004927152,0.0010683398,0.0009963897,0.0001178647,0.0029036717],[0.0008863046,-0.0002074975,-0.000151418,-0.000018130668,0.0018897431,-0.00046434958,1.0228397,-0.0016452189,-1.0086828,-0.0013859813,0.0029145945,-0.0015112149,-0.0014884769,0.0003414194,0.00011498929,0.0016926654,0.0005302992,0.0019462561,0.001088767,0.00073588605],[-0.0019318681,-0.0013654345,-0.000024362529,0.0033221014,-1.0008044,-0.00036466384,-0.0016452189,0.9876173,0.00028764023,-0.0044125165,0.0011896971,-0.0014336557,-0.0007612246,0.00038030092,0.00038001727,0.00048275603,0.001969655,-0.0017661734,-0.0013502823,0.0013636132],[-0.003735119,-0.000546978,-0.0005368351,0.0028311752,-0.0005000558,0.0011348844,-1.0086828,0.00028764023,0.9947329,0.0013754236,-0.0028769185,0.0014801946,0.0014643525,-0.00033943623,-0.000112261376,-0.0016696177,-0.00052553124,-0.0019025414,-0.001072064,-0.0007159956],[-0.0013916927,-0.001100875,0.0030888086,0.0013557264,0.0044685868,-0.0030044417,-0.0013859813,-0.0044125165,0.0013754236,0.000034012843,-0.000005844877,0.000011503031,0.000013537251,-0.0000076824235,0.000006757805,-0.000002308466,-0.000012862687,0.00000939529,0.000004280502,-0.0000104937935],[0.0005888574,-0.0015743655,0.00083553145,-0.0005758879,-0.0012084582,-0.0008156868,0.0029145945,0.0011896971,-0.0028769185,-0.000005844877,0.000013244888,1.9195099e-7,-0.0000042400043,0.0000015026619,0.0000023714729,0.0000064791675,0.0000037680993,9.699505e-7,0.0000019439815,0.0000014071037],[0.0040494497,-0.0012181741,0.0023935197,-0.0039896485,0.0014342576,-0.0023391554,-0.0015112149,-0.0014336557,0.0014801946,0.000011503031,1.9195099e-7,0.000027499485,0.0000113984315,8.894522e-7,6.146866e-7,-0.0000018598907,-0.000004457279,-0.000020477131,0.0000011342044,-0.000020811825],[0.0004552762,0.0013480553,0.003397558,-0.00045699137,0.00076141796,-0.0033147603,-0.0014884769,-0.0007612246,0.0014643525,0.000013537251,-0.0000042400043,0.0000113984315,0.000015993714,-0.0000053178255,0.0000063584616,-0.0000018209042,-0.000006267556,-0.000007874906,-0.0000012619221,-0.000014937811],[0.0012168349,-0.0003216918,-0.0014035597,-0.0011930569,-0.00038583245,0.0013660899,0.0003414194,0.00038030092,-0.00033943623,-0.0000076824235,0.0000015026619,8.894522e-7,-0.0000053178255,0.0000037265845,-0.0000041655626,9.151455e-8,0.000002941521,-0.000004019736,3.130863e-7,0.0000015312879],[-0.0010843374,-0.00021802407,0.0022967877,0.001062768,-0.00038694157,-0.002237051,0.00011498929,0.00038001727,-0.000112261376,0.000006757805,0.0000023714729,6.146866e-7,0.0000063584616,-0.0000041655626,0.000006480095,0.000001709186,-0.0000018987554,0.000002403757,-7.873004e-7,-0.0000025044308],[-0.00009948353,-0.00045605074,0.00050504226,0.000099176286,-0.00048960507,-0.0004927152,0.0016926654,0.00048275603,-0.0016696177,-0.000002308466,0.0000064791675,-0.0000018598907,-0.0000018209042,9.151455e-8,0.000001709186,0.0000035044216,0.0000014422745,0.0000026307612,0.0000011981948,0.000001267332],[0.0003245033,-0.00037088618,-0.0010969103,-0.0003136311,-0.0019942464,0.0010683398,0.0005302992,0.001969655,-0.00052553124,-0.000012862687,0.0000037680993,-0.000004457279,-0.000006267556,0.000002941521,-0.0000018987554,0.0000014422745,0.000005616472,-0.000002673755,-0.0000018316539,0.0000057240973],[-0.0047021215,-0.0007178791,-0.0010107732,0.004625418,0.0018076429,0.0009963897,0.0019462561,-0.0017661734,-0.0019025414,0.00000939529,9.699505e-7,-0.000020477131,-0.000007874906,-0.000004019736,0.000002403757,0.0000026307612,-0.000002673755,0.000030033823,0.0000040001783,0.000016995],[0.00017878364,-0.00029680348,-0.0001209038,-0.00017650907,0.0013683327,0.0001178647,0.001088767,-0.0013502823,-0.001072064,0.000004280502,0.0000019439815,0.0000011342044,-0.0000012619221,3.130863e-7,-7.873004e-7,0.0000011981948,-0.0000018316539,0.0000040001783,0.0000031335785,-9.0729907e-7],[-0.0030950627,-0.0012062992,-0.0029701365,0.003052383,-0.0013646549,0.0029036717,0.00073588605,0.0013636132,-0.0007159956,-0.0000104937935,0.0000014071037,-0.000020811825,-0.000014937811,0.0000015312879,-0.0000025044308,0.000001267332,0.0000057240973,0.000016995,-9.0729907e-7,0.000021807597]],"hovertemplate":"In: %{x}\u003cbr\u003e\nOut: %{y}\u003cbr\u003e\nWeight: %{customdata:0.2f}\n","z":[[[179,3,38,255],[221,220,219,255],[220,220,221,255],[58,76,192,255],[220,220,221,255],[220,220,221,255],[221,220,219,255],[220,220,221,255],[220,220,221,255],[220,220,221,255],[221,220,219,255],[221,220,219,255],[221,220,219,255],[221,220,219,255],[220,220,221,255],[220,220,221,255],[221,220,219,255],[220,220,221,255],[221,220,219,255],[220,220,221,255]],[[221,220,219,255],[179,3,38,255],[221,220,219,255],[220,220,221,255],[221,220,219,255],[220,220,221,255],[220,220,221,255],[220,220,221,255],[220,220,221,255],[220,220,221,255],[220,220,221,255],[220,220,221,255],[221,220,219,255],[220,220,221,255],[220,220,221,255],[220,220,221,255],[220,220,221,255],[220,220,221,255],[220,220,221,255],[220,220,221,255]],[[220,220,221,255],[221,220,219,255],[179,3,38,255],[221,220,219,255],[220,220,221,255],[58,76,192,255],[220,220,221,255],[220,220,221,255],[220,220,221,255],[221,220,219,255],[221,220,219,255],[221,220,219,255],[221,220,219,255],[220,220,221,255],[221,220,219,255],[221,220,219,255],[220,220,221,255],[220,220,221,255],[220,220,221,255],[220,220,221,255]],[[58,76,192,255],[220,220,221,255],[221,220,219,255],[181,8,39,255],[220,220,221,255],[221,220,219,255],[220,220,221,255],[221,220,219,255],[221,220,219,255],[221,220,219,255],[220,220,221,255],[220,220,221,255],[220,220,221,255],[220,220,221,255],[221,220,219,255],[221,220,219,255],[220,220,221,255],[221,220,219,255],[220,220,221,255],[221,220,219,255]],[[220,220,221,255],[221,220,219,255],[220,220,221,255],[220,220,221,255],[179,3,38,255],[221,220,219,255],[221,220,219,255],[58,76,192,255],[220,220,221,255],[221,220,219,255],[220,220,221,255],[221,220,219,255],[221,220,219,255],[220,220,221,255],[220,220,221,255],[220,220,221,255],[220,220,221,255],[221,220,219,255],[221,220,219,255],[220,220,221,255]],[[220,220,221,255],[220,220,221,255],[58,76,192,255],[221,220,219,255],[221,220,219,255],[182,13,40,255],[220,220,221,255],[220,220,221,255],[221,220,219,255],[220,220,221,255],[220,220,221,255],[220,220,221,255],[220,220,221,255],[221,220,219,255],[220,220,221,255],[220,220,221,255],[221,220,219,255],[221,220,219,255],[221,220,219,255],[221,220,219,255]],[[221,220,219,255],[220,220,221,255],[220,220,221,255],[220,220,221,255],[221,220,219,255],[220,220,221,255],[179,3,38,255],[220,220,221,255],[58,76,192,255],[220,220,221,255],[221,220,219,255],[220,220,221,255],[220,220,221,255],[221,220,219,255],[221,220,219,255],[221,220,219,255],[221,220,219,255],[221,220,219,255],[221,220,219,255],[221,220,219,255]],[[220,220,221,255],[220,220,221,255],[220,220,221,255],[221,220,219,255],[58,76,192,255],[220,220,221,255],[220,220,221,255],[181,8,39,255],[221,220,219,255],[220,220,221,255],[221,220,219,255],[220,220,221,255],[220,220,221,255],[221,220,219,255],[221,220,219,255],[221,220,219,255],[221,220,219,255],[220,220,221,255],[220,220,221,255],[221,220,219,255]],[[220,220,221,255],[220,220,221,255],[220,220,221,255],[221,220,219,255],[220,220,221,255],[221,220,219,255],[58,76,192,255],[221,220,219,255],[179,3,38,255],[221,220,219,255],[220,220,221,255],[221,220,219,255],[221,220,219,255],[220,220,221,255],[220,220,221,255],[220,220,221,255],[220,220,221,255],[220,220,221,255],[220,220,221,255],[220,220,221,255]],[[220,220,221,255],[220,220,221,255],[221,220,219,255],[221,220,219,255],[221,220,219,255],[220,220,221,255],[220,220,221,255],[220,220,221,255],[221,220,219,255],[221,220,219,255],[220,220,221,255],[221,220,219,255],[221,220,219,255],[220,220,221,255],[221,220,219,255],[220,220,221,255],[220,220,221,255],[221,220,219,255],[221,220,219,255],[220,220,221,255]],[[221,220,219,255],[220,220,221,255],[221,220,219,255],[220,220,221,255],[220,220,221,255],[220,220,221,255],[221,220,219,255],[221,220,219,255],[220,220,221,255],[220,220,221,255],[221,220,219,255],[221,220,219,255],[220,220,221,255],[221,220,219,255],[221,220,219,255],[221,220,219,255],[221,220,219,255],[221,220,219,255],[221,220,219,255],[221,220,219,255]],[[221,220,219,255],[220,220,221,255],[221,220,219,255],[220,220,221,255],[221,220,219,255],[220,220,221,255],[220,220,221,255],[220,220,221,255],[221,220,219,255],[221,220,219,255],[221,220,219,255],[221,220,219,255],[221,220,219,255],[221,220,219,255],[221,220,219,255],[220,220,221,255],[220,220,221,255],[220,220,221,255],[221,220,219,255],[220,220,221,255]],[[221,220,219,255],[221,220,219,255],[221,220,219,255],[220,220,221,255],[221,220,219,255],[220,220,221,255],[220,220,221,255],[220,220,221,255],[221,220,219,255],[221,220,219,255],[220,220,221,255],[221,220,219,255],[221,220,219,255],[220,220,221,255],[221,220,219,255],[220,220,221,255],[220,220,221,255],[220,220,221,255],[220,220,221,255],[220,220,221,255]],[[221,220,219,255],[220,220,221,255],[220,220,221,255],[220,220,221,255],[220,220,221,255],[221,220,219,255],[221,220,219,255],[221,220,219,255],[220,220,221,255],[220,220,221,255],[221,220,219,255],[221,220,219,255],[220,220,221,255],[221,220,219,255],[220,220,221,255],[221,220,219,255],[221,220,219,255],[220,220,221,255],[221,220,219,255],[221,220,219,255]],[[220,220,221,255],[220,220,221,255],[221,220,219,255],[221,220,219,255],[220,220,221,255],[220,220,221,255],[221,220,219,255],[221,220,219,255],[220,220,221,255],[221,220,219,255],[221,220,219,255],[221,220,219,255],[221,220,219,255],[220,220,221,255],[221,220,219,255],[221,220,219,255],[220,220,221,255],[221,220,219,255],[220,220,221,255],[220,220,221,255]],[[220,220,221,255],[220,220,221,255],[221,220,219,255],[221,220,219,255],[220,220,221,255],[220,220,221,